
  File generated (precomputation) from fillin-patterns.txt
  and misc-patterns.txt.
  Big not used.

 [dead-0-4/]
e:1,1,0,0,0;1,1,0,0,0;0,0,0,0,0;0,0,0,0,0;1,1,0,0,0;1,1,0,0,0;
 [s0_from_dead-0-4/]
s:1,0,0,0,1;1,1,0,0,0;0,0,0,0,0;0,0,0,0,0;1,1,0,0,0;1,1,0,0,0;
 [s1_from_dead-0-4/]
s:1,1,0,0,0;1,0,0,0,1;0,0,0,0,0;0,0,0,0,0;1,1,0,0,0;1,1,0,0,0;
 [s2_from_dead-0-4/]
s:1,1,0,0,0;1,1,0,0,0;0,0,0,0,0;0,0,0,0,0;1,0,0,0,1;1,1,0,0,0;
 [s3_from_dead-0-4/]
s:1,1,0,0,0;1,1,0,0,0;0,0,0,0,0;0,0,0,0,0;1,1,0,0,0;1,0,0,0,1;
 [i0_from_dead-0-4/]
i:1,0,0,0,1;1,0,1,0,0;0,0,0,0,0;0,0,0,0,0;1,0,1,0,0;1,0,1,0,0;
 [i1_from_dead-0-4/]
i:1,0,1,0,0;1,0,0,0,1;0,0,0,0,0;0,0,0,0,0;1,0,1,0,0;1,0,1,0,0;
 [i2_from_dead-0-4/]
i:1,0,1,0,0;1,0,1,0,0;0,0,0,0,0;0,0,0,0,0;1,0,0,0,1;1,0,1,0,0;
 [i3_from_dead-0-4/]
i:1,0,1,0,0;1,0,1,0,0;0,0,0,0,0;0,0,0,0,0;1,0,1,0,0;1,0,0,0,1;
 [dead-1-3/]
e:1,1,0,0,0;1,1,0,0,0;0,0,0,0,0;1,0,1,0,0;0,0,0,0,0;1,1,0,0,0;
 [s0_from_dead-1-3/]
s:1,0,0,0,1;1,1,0,0,0;0,0,0,0,0;1,0,1,0,0;0,0,0,0,0;1,1,0,0,0;
 [s1_from_dead-1-3/]
s:1,1,0,0,0;1,0,0,0,1;0,0,0,0,0;1,0,1,0,0;0,0,0,0,0;1,1,0,0,0;
 [s2_from_dead-1-3/]
s:1,1,0,0,0;1,1,0,0,0;0,0,0,0,0;1,0,1,0,0;0,0,0,0,0;1,0,0,0,1;
 [i0_from_dead-1-3/]
i:1,1,0,0,0;1,1,0,0,0;0,0,0,0,0;1,0,0,0,1;0,0,0,0,0;1,1,0,0,0;
 [s0_from_dead-1-3/]
s:1,0,1,0,0;1,0,1,0,0;0,0,0,0,0;1,0,0,0,1;0,0,0,0,0;1,0,1,0,0;
 [i0_from_dead-1-3/]
i:1,0,0,0,1;1,0,1,0,0;0,0,0,0,0;1,1,0,0,0;0,0,0,0,0;1,0,1,0,0;
 [i1_from_dead-1-3/]
i:1,0,1,0,0;1,0,0,0,1;0,0,0,0,0;1,1,0,0,0;0,0,0,0,0;1,0,1,0,0;
 [i2_from_dead-1-3/]
i:1,0,1,0,0;1,0,1,0,0;0,0,0,0,0;1,1,0,0,0;0,0,0,0,0;1,0,0,0,1;
 [dead-2-2/]
e:1,1,0,0,0;1,1,0,0,0;0,0,0,0,0;1,0,1,0,0;1,0,1,0,0;0,0,0,0,0;
 [s0_from_dead-2-2/]
s:1,0,0,0,1;1,1,0,0,0;0,0,0,0,0;1,0,1,0,0;1,0,1,0,0;0,0,0,0,0;
 [s1_from_dead-2-2/]
s:1,1,0,0,0;1,0,0,0,1;0,0,0,0,0;1,0,1,0,0;1,0,1,0,0;0,0,0,0,0;
 [i0_from_dead-2-2/]
i:1,1,0,0,0;1,1,0,0,0;0,0,0,0,0;1,0,0,0,1;1,0,1,0,0;0,0,0,0,0;
 [i1_from_dead-2-2/]
i:1,1,0,0,0;1,1,0,0,0;0,0,0,0,0;1,0,1,0,0;1,0,0,0,1;0,0,0,0,0;
 [s0_from_dead-2-2/]
s:1,0,1,0,0;1,0,1,0,0;0,0,0,0,0;1,0,0,0,1;1,1,0,0,0;0,0,0,0,0;
 [s1_from_dead-2-2/]
s:1,0,1,0,0;1,0,1,0,0;0,0,0,0,0;1,1,0,0,0;1,0,0,0,1;0,0,0,0,0;
 [i0_from_dead-2-2/]
i:1,0,0,0,1;1,0,1,0,0;0,0,0,0,0;1,1,0,0,0;1,1,0,0,0;0,0,0,0,0;
 [i1_from_dead-2-2/]
i:1,0,1,0,0;1,0,0,0,1;0,0,0,0,0;1,1,0,0,0;1,1,0,0,0;0,0,0,0,0;
 [dead-3--3/]
e:6,6,0,0,0;1,0,0,0,0;1,0,1,0,0;1,0,1,0,0;1,0,1,0,0;5,4,0,0,0;
 [i0_from_dead-3--3/]
i:6,6,0,0,0;1,0,0,0,0;1,0,0,0,1;1,0,1,0,0;1,0,1,0,0;5,4,0,0,0;
 [i1_from_dead-3--3/]
i:6,6,0,0,0;1,0,0,0,0;1,0,1,0,0;1,0,0,0,1;1,0,1,0,0;5,4,0,0,0;
 [i2_from_dead-3--3/]
i:6,6,0,0,0;1,0,0,0,0;1,0,1,0,0;1,0,1,0,0;1,0,0,0,1;5,4,0,0,0;
 [i0_from_dead-3--3/]
i:6,0,4,0,2;1,0,0,0,0;1,1,0,0,0;1,1,0,0,0;1,1,0,0,0;5,0,4,0,0;
 [i1_from_dead-3--3/]
i:6,0,2,0,4;1,0,0,0,0;1,1,0,0,0;1,1,0,0,0;1,1,0,0,0;5,0,4,0,0;
 [i2_from_dead-3--3/]
i:6,0,6,0,0;1,0,0,0,0;1,1,0,0,0;1,1,0,0,0;1,1,0,0,0;5,0,0,0,4;
 [spec_s0_from_dead-3--3/]
s:6,2,0,0,4;0,0,0,0,0;1,0,1,0,0;1,0,1,0,0;1,0,1,0,0;4,4,0,0,0;
 [spec_s0_from_dead-3--3m/]
s:0,0,0,0,0;1,0,1,0,0;1,0,1,0,0;1,0,1,0,0;4,0,0,0,4;6,6,0,0,0;
 [spec_s1_from_dead-3--3/]
s:6,4,0,0,2;0,0,0,0,0;1,0,1,0,0;1,0,1,0,0;1,0,1,0,0;4,4,0,0,0;
 [spec_s2_from_dead-3--3/]
s:6,0,6,0,0;0,0,0,0,0;1,0,0,0,1;1,1,0,0,0;1,1,0,0,0;4,0,4,0,0;
 [spec_s2_from_dead-3--3m/]
s:0,0,0,0,0;1,1,0,0,0;1,1,0,0,0;1,0,0,0,1;4,0,4,0,0;6,0,6,0,0;
 [spec_s3_from_dead-3--3/]
s:6,0,6,0,0;0,0,0,0,0;1,1,0,0,0;1,0,0,0,1;1,1,0,0,0;4,0,4,0,0;
 [dead-2--4/]
e:7,6,1,0,0;0,0,0,0,0;1,0,1,0,0;1,0,1,0,0;0,0,0,0,0;5,5,0,0,0;
 [s0_from_dead-2--4/]
s:7,4,1,0,2;0,0,0,0,0;1,0,1,0,0;1,0,1,0,0;0,0,0,0,0;5,5,0,0,0;
 [s1_from_dead-2--4/]
s:7,2,1,0,4;0,0,0,0,0;1,0,1,0,0;1,0,1,0,0;0,0,0,0,0;5,5,0,0,0;
 [s2_from_dead-2--4/]
s:7,6,1,0,0;0,0,0,0,0;1,0,1,0,0;1,0,1,0,0;0,0,0,0,0;5,4,0,0,1;
 [s3_from_dead-2--4/]
s:7,6,1,0,0;0,0,0,0,0;1,0,1,0,0;1,0,1,0,0;0,0,0,0,0;5,1,0,0,4;
 [i0_from_dead-2--4/]
i:7,6,0,0,1;0,0,0,0,0;1,0,1,0,0;1,0,1,0,0;0,0,0,0,0;5,5,0,0,0;
 [i1_from_dead-2--4/]
i:7,6,1,0,0;0,0,0,0,0;1,0,0,0,1;1,0,1,0,0;0,0,0,0,0;5,5,0,0,0;
 [i2_from_dead-2--4/]
i:7,6,1,0,0;0,0,0,0,0;1,0,1,0,0;1,0,0,0,1;0,0,0,0,0;5,5,0,0,0;
 [s0_from_dead-2--4/]
s:7,0,6,0,1;0,0,0,0,0;1,1,0,0,0;1,1,0,0,0;0,0,0,0,0;5,0,5,0,0;
 [s1_from_dead-2--4/]
s:7,1,6,0,0;0,0,0,0,0;1,0,0,0,1;1,1,0,0,0;0,0,0,0,0;5,0,5,0,0;
 [s2_from_dead-2--4/]
s:7,1,6,0,0;0,0,0,0,0;1,1,0,0,0;1,0,0,0,1;0,0,0,0,0;5,0,5,0,0;
 [i0_from_dead-2--4/]
i:7,1,4,0,2;0,0,0,0,0;1,1,0,0,0;1,1,0,0,0;0,0,0,0,0;5,0,5,0,0;
 [i1_from_dead-2--4/]
i:7,1,2,0,4;0,0,0,0,0;1,1,0,0,0;1,1,0,0,0;0,0,0,0,0;5,0,5,0,0;
 [i2_from_dead-2--4/]
i:7,1,6,0,0;0,0,0,0,0;1,1,0,0,0;1,1,0,0,0;0,0,0,0,0;5,0,4,0,1;
 [i3_from_dead-2--4/]
i:7,1,6,0,0;0,0,0,0,0;1,1,0,0,0;1,1,0,0,0;0,0,0,0,0;5,0,1,0,4;
 [dead-2--4m/]
e:1,1,0,0,0;0,0,0,0,0;1,0,1,0,0;1,0,1,0,0;4,4,0,0,0;7,6,1,0,0;
 [s0_from_dead-2--4m/]
s:1,0,0,0,1;0,0,0,0,0;1,0,1,0,0;1,0,1,0,0;4,4,0,0,0;7,6,1,0,0;
 [s1_from_dead-2--4m/]
s:1,1,0,0,0;0,0,0,0,0;1,0,1,0,0;1,0,1,0,0;4,0,0,0,4;7,6,1,0,0;
 [s2_from_dead-2--4m/]
s:1,1,0,0,0;0,0,0,0,0;1,0,1,0,0;1,0,1,0,0;4,4,0,0,0;7,4,1,0,2;
 [s3_from_dead-2--4m/]
s:1,1,0,0,0;0,0,0,0,0;1,0,1,0,0;1,0,1,0,0;4,4,0,0,0;7,2,1,0,4;
 [i0_from_dead-2--4m/]
i:1,1,0,0,0;0,0,0,0,0;1,0,0,0,1;1,0,1,0,0;4,4,0,0,0;7,6,1,0,0;
 [i1_from_dead-2--4m/]
i:1,1,0,0,0;0,0,0,0,0;1,0,1,0,0;1,0,0,0,1;4,4,0,0,0;7,6,1,0,0;
 [i2_from_dead-2--4m/]
i:1,1,0,0,0;0,0,0,0,0;1,0,1,0,0;1,0,1,0,0;4,4,0,0,0;7,6,0,0,1;
 [s0_from_dead-2--4m/]
s:1,0,1,0,0;0,0,0,0,0;1,0,0,0,1;1,1,0,0,0;4,0,4,0,0;7,1,6,0,0;
 [s1_from_dead-2--4m/]
s:1,0,1,0,0;0,0,0,0,0;1,1,0,0,0;1,0,0,0,1;4,0,4,0,0;7,1,6,0,0;
 [s2_from_dead-2--4m/]
s:1,0,1,0,0;0,0,0,0,0;1,1,0,0,0;1,1,0,0,0;4,0,4,0,0;7,0,6,0,1;
 [i0_from_dead-2--4m/]
i:1,0,0,0,1;0,0,0,0,0;1,1,0,0,0;1,1,0,0,0;4,0,4,0,0;7,1,6,0,0;
 [i1_from_dead-2--4m/]
i:1,0,1,0,0;0,0,0,0,0;1,1,0,0,0;1,1,0,0,0;4,0,0,0,4;7,1,6,0,0;
 [i2_from_dead-2--4m/]
i:1,0,1,0,0;0,0,0,0,0;1,1,0,0,0;1,1,0,0,0;4,0,4,0,0;7,1,4,0,2;
 [i3_from_dead-2--4m/]
i:1,0,1,0,0;0,0,0,0,0;1,1,0,0,0;1,1,0,0,0;4,0,4,0,0;7,1,2,0,4;
 [spec_s_from_dead-2--4/]
s:7,6,0,0,0;0,0,0,0,0;1,0,1,0,0;1,0,1,0,0;0,0,0,0,0;5,4,0,0,1;
 [spec_s_from_dead-2--4m/]
s:1,0,0,0,1;0,0,0,0,0;1,0,1,0,0;1,0,1,0,0;4,4,0,0,0;7,6,0,0,0;
 [spec_i_from_dead-2--4/]
s:7,0,6,0,0;0,0,0,0,0;1,1,0,0,0;1,1,0,0,0;0,0,0,0,0;5,0,4,0,1;
 [spec_i_from_dead-2--4m/]
s:1,0,0,0,1;0,0,0,0,0;1,1,0,0,0;1,1,0,0,0;4,0,4,0,0;7,0,6,0,0;
 [dead-2---5/]
e:7,6,1,0,0;0,0,0,0,0;1,0,1,0,0;1,0,1,0,0;4,4,0,0,0;6,6,0,0,0;
 [s0_from_dead-2---5/]
s:7,4,1,0,2;0,0,0,0,0;1,0,1,0,0;1,0,1,0,0;4,4,0,0,0;6,6,0,0,0;
 [s1_from_dead-2---5/]
s:7,2,1,0,4;0,0,0,0,0;1,0,1,0,0;1,0,1,0,0;4,4,0,0,0;6,6,0,0,0;
 [s2_from_dead-2---5/]
s:7,6,1,0,0;0,0,0,0,0;1,0,1,0,0;1,0,1,0,0;4,0,0,0,4;6,6,0,0,0;
 [s3_from_dead-2---5/]
s:7,6,1,0,0;0,0,0,0,0;1,0,1,0,0;1,0,1,0,0;4,4,0,0,0;6,4,0,0,2;
 [s4_from_dead-2---5/]
s:7,6,1,0,0;0,0,0,0,0;1,0,1,0,0;1,0,1,0,0;4,4,0,0,0;6,2,0,0,4;
 [i0_from_dead-2---5/]
i:7,6,0,0,1;0,0,0,0,0;1,0,1,0,0;1,0,1,0,0;4,4,0,0,0;6,6,0,0,0;
 [i1_from_dead-2---5/]
i:7,6,1,0,0;0,0,0,0,0;1,0,0,0,1;1,0,1,0,0;4,4,0,0,0;6,6,0,0,0;
 [i2_from_dead-2---5/]
i:7,6,1,0,0;0,0,0,0,0;1,0,1,0,0;1,0,0,0,1;4,4,0,0,0;6,6,0,0,0;
 [s0_from_dead-2---5/]
s:7,0,6,0,1;0,0,0,0,0;1,1,0,0,0;1,1,0,0,0;4,0,4,0,0;6,0,6,0,0;
 [s1_from_dead-2---5/]
s:7,1,6,0,0;0,0,0,0,0;1,0,0,0,1;1,1,0,0,0;4,0,4,0,0;6,0,6,0,0;
 [s2_from_dead-2---5/]
s:7,1,6,0,0;0,0,0,0,0;1,1,0,0,0;1,0,0,0,1;4,0,4,0,0;6,0,6,0,0;
 [i0_from_dead-2---5/]
i:7,1,4,0,2;0,0,0,0,0;1,1,0,0,0;1,1,0,0,0;4,0,4,0,0;6,0,6,0,0;
 [i1_from_dead-2---5/]
i:7,1,2,0,4;0,0,0,0,0;1,1,0,0,0;1,1,0,0,0;4,0,4,0,0;6,0,6,0,0;
 [i2_from_dead-2---5/]
i:7,1,6,0,0;0,0,0,0,0;1,1,0,0,0;1,1,0,0,0;4,0,0,0,4;6,0,6,0,0;
 [i3_from_dead-2---5/]
i:7,1,6,0,0;0,0,0,0,0;1,1,0,0,0;1,1,0,0,0;4,0,4,0,0;6,0,4,0,2;
 [i4_from_dead-2---5/]
i:7,1,6,0,0;0,0,0,0,0;1,1,0,0,0;1,1,0,0,0;4,0,4,0,0;6,0,2,0,4;
 [dead-2---5m/]
e:6,6,0,0,0;0,0,0,0,0;1,0,1,0,0;1,0,1,0,0;4,4,0,0,0;7,6,1,0,0;
 [s0_from_dead-2---5m/]
s:6,4,0,0,2;0,0,0,0,0;1,0,1,0,0;1,0,1,0,0;4,4,0,0,0;7,6,1,0,0;
 [s1_from_dead-2---5m/]
s:6,2,0,0,4;0,0,0,0,0;1,0,1,0,0;1,0,1,0,0;4,4,0,0,0;7,6,1,0,0;
 [s2_from_dead-2---5m/]
s:6,6,0,0,0;0,0,0,0,0;1,0,1,0,0;1,0,1,0,0;4,0,0,0,4;7,6,1,0,0;
 [s3_from_dead-2---5m/]
s:6,6,0,0,0;0,0,0,0,0;1,0,1,0,0;1,0,1,0,0;4,4,0,0,0;7,4,1,0,2;
 [s4_from_dead-2---5m/]
s:6,6,0,0,0;0,0,0,0,0;1,0,1,0,0;1,0,1,0,0;4,4,0,0,0;7,2,1,0,4;
 [i0_from_dead-2---5m/]
i:6,6,0,0,0;0,0,0,0,0;1,0,0,0,1;1,0,1,0,0;4,4,0,0,0;7,6,1,0,0;
 [i1_from_dead-2---5m/]
i:6,6,0,0,0;0,0,0,0,0;1,0,1,0,0;1,0,0,0,1;4,4,0,0,0;7,6,1,0,0;
 [i2_from_dead-2---5m/]
i:6,6,0,0,0;0,0,0,0,0;1,0,1,0,0;1,0,1,0,0;4,4,0,0,0;7,6,0,0,1;
 [s0_from_dead-2---5m/]
s:6,0,6,0,0;0,0,0,0,0;1,0,0,0,1;1,1,0,0,0;4,0,4,0,0;7,1,6,0,0;
 [s1_from_dead-2---5m/]
s:6,0,6,0,0;0,0,0,0,0;1,1,0,0,0;1,0,0,0,1;4,0,4,0,0;7,1,6,0,0;
 [s2_from_dead-2---5m/]
s:6,0,6,0,0;0,0,0,0,0;1,1,0,0,0;1,1,0,0,0;4,0,4,0,0;7,0,6,0,1;
 [i0_from_dead-2---5m/]
i:6,0,4,0,2;0,0,0,0,0;1,1,0,0,0;1,1,0,0,0;4,0,4,0,0;7,1,6,0,0;
 [i1_from_dead-2---5m/]
i:6,0,2,0,4;0,0,0,0,0;1,1,0,0,0;1,1,0,0,0;4,0,4,0,0;7,1,6,0,0;
 [i2_from_dead-2---5m/]
i:6,0,6,0,0;0,0,0,0,0;1,1,0,0,0;1,1,0,0,0;4,0,0,0,4;7,1,6,0,0;
 [i3_from_dead-2---5m/]
i:6,0,6,0,0;0,0,0,0,0;1,1,0,0,0;1,1,0,0,0;4,0,4,0,0;7,1,4,0,2;
 [i4_from_dead-2---5m/]
i:6,0,6,0,0;0,0,0,0,0;1,1,0,0,0;1,1,0,0,0;4,0,4,0,0;7,1,2,0,4;
 [spec_s_from_dead-2---5/]
s:7,6,0,0,0;0,0,0,0,0;1,0,1,0,0;1,0,1,0,0;4,4,0,0,0;7,2,0,0,4;
 [spec_i_from_dead-2---5/]
i:7,0,6,0,0;0,0,0,0,0;1,1,0,0,0;1,1,0,0,0;4,0,4,0,0;7,0,2,0,4;
 [dead-5---2/]
e:6,6,0,0,0;0,0,0,0,0;1,0,1,0,0;1,0,1,0,0;5,0,5,0,0;3,1,2,0,0;
 [s0_from_dead-5---2/]
s:6,4,0,0,2;0,0,0,0,0;1,0,1,0,0;1,0,1,0,0;5,0,5,0,0;3,1,2,0,0;
 [s1_from_dead-5---2/]
s:6,2,0,0,4;0,0,0,0,0;1,0,1,0,0;1,0,1,0,0;5,0,5,0,0;3,1,2,0,0;
 [s2_from_dead-5---2/]
s:6,6,0,0,0;0,0,0,0,0;1,0,1,0,0;1,0,1,0,0;5,0,5,0,0;3,0,2,0,1;
 [i0_from_dead-5---2/]
i:6,6,0,0,0;0,0,0,0,0;1,0,0,0,1;1,0,1,0,0;5,0,5,0,0;3,1,2,0,0;
 [i1_from_dead-5---2/]
i:6,6,0,0,0;0,0,0,0,0;1,0,1,0,0;1,0,0,0,1;5,0,5,0,0;3,1,2,0,0;
 [i2_from_dead-5---2/]
i:6,6,0,0,0;0,0,0,0,0;1,0,1,0,0;1,0,1,0,0;5,0,4,0,1;3,1,2,0,0;
 [i3_from_dead-5---2/]
i:6,6,0,0,0;0,0,0,0,0;1,0,1,0,0;1,0,1,0,0;5,0,1,0,4;3,1,2,0,0;
 [i4_from_dead-5---2/]
i:6,6,0,0,0;0,0,0,0,0;1,0,1,0,0;1,0,1,0,0;5,0,5,0,0;3,1,0,0,2;
 [s0_from_dead-5---2/]
s:6,0,6,0,0;0,0,0,0,0;1,0,0,0,1;1,1,0,0,0;5,5,0,0,0;3,2,1,0,0;
 [s1_from_dead-5---2/]
s:6,0,6,0,0;0,0,0,0,0;1,1,0,0,0;1,0,0,0,1;5,5,0,0,0;3,2,1,0,0;
 [s2_from_dead-5---2/]
s:6,0,6,0,0;0,0,0,0,0;1,1,0,0,0;1,1,0,0,0;5,4,0,0,1;3,2,1,0,0;
 [s3_from_dead-5---2/]
s:6,0,6,0,0;0,0,0,0,0;1,1,0,0,0;1,1,0,0,0;5,1,0,0,4;3,2,1,0,0;
 [s4_from_dead-5---2/]
s:6,0,6,0,0;0,0,0,0,0;1,1,0,0,0;1,1,0,0,0;5,5,0,0,0;3,0,1,0,2;
 [i0_from_dead-5---2/]
i:6,0,4,0,2;0,0,0,0,0;1,1,0,0,0;1,1,0,0,0;5,5,0,0,0;3,2,1,0,0;
 [i1_from_dead-5---2/]
i:6,0,2,0,4;0,0,0,0,0;1,1,0,0,0;1,1,0,0,0;5,5,0,0,0;3,2,1,0,0;
 [i2_from_dead-5---2/]
i:6,0,6,0,0;0,0,0,0,0;1,1,0,0,0;1,1,0,0,0;5,5,0,0,0;3,2,0,0,1;
 [dead-5---2m/]
e:7,1,6,0,0;1,0,1,0,0;1,0,1,0,0;1,0,1,0,0;4,4,0,0,0;2,2,0,0,0;
 [s0_from_dead-5---2m/]
s:7,0,6,0,1;1,0,1,0,0;1,0,1,0,0;1,0,1,0,0;4,4,0,0,0;2,2,0,0,0;
 [s1_from_dead-5---2m/]
s:7,1,6,0,0;1,0,1,0,0;1,0,1,0,0;1,0,1,0,0;4,0,0,0,4;2,2,0,0,0;
 [s2_from_dead-5---2m/]
s:7,1,6,0,0;1,0,1,0,0;1,0,1,0,0;1,0,1,0,0;4,4,0,0,0;2,0,0,0,2;
 [i0_from_dead-5---2m/]
i:7,1,4,0,2;1,0,1,0,0;1,0,1,0,0;1,0,1,0,0;4,4,0,0,0;2,2,0,0,0;
 [i1_from_dead-5---2m/]
i:7,1,2,0,4;1,0,1,0,0;1,0,1,0,0;1,0,1,0,0;4,4,0,0,0;2,2,0,0,0;
 [i2_from_dead-5---2m/]
i:7,1,6,0,0;1,0,0,0,1;1,0,1,0,0;1,0,1,0,0;4,4,0,0,0;2,2,0,0,0;
 [i3_from_dead-5---2m/]
i:7,1,6,0,0;1,0,1,0,0;1,0,0,0,1;1,0,1,0,0;4,4,0,0,0;2,2,0,0,0;
 [i4_from_dead-5---2m/]
i:7,1,6,0,0;1,0,1,0,0;1,0,1,0,0;1,0,0,0,1;4,4,0,0,0;2,2,0,0,0;
 [s0_from_dead-5---2m/]
s:7,4,1,0,2;1,1,0,0,0;1,1,0,0,0;1,1,0,0,0;4,0,4,0,0;2,0,2,0,0;
 [s1_from_dead-5---2m/]
s:7,2,1,0,4;1,1,0,0,0;1,1,0,0,0;1,1,0,0,0;4,0,4,0,0;2,0,2,0,0;
 [s2_from_dead-5---2m/]
s:7,6,1,0,0;1,0,0,0,1;1,1,0,0,0;1,1,0,0,0;4,0,4,0,0;2,0,2,0,0;
 [s3_from_dead-5---2m/]
s:7,6,1,0,0;1,1,0,0,0;1,0,0,0,1;1,1,0,0,0;4,0,4,0,0;2,0,2,0,0;
 [s4_from_dead-5---2m/]
s:7,6,1,0,0;1,1,0,0,0;1,1,0,0,0;1,0,0,0,1;4,0,4,0,0;2,0,2,0,0;
 [i0_from_dead-5---2m/]
i:7,6,0,0,1;1,1,0,0,0;1,1,0,0,0;1,1,0,0,0;4,0,4,0,0;2,0,2,0,0;
 [i1_from_dead-5---2m/]
i:7,6,1,0,0;1,1,0,0,0;1,1,0,0,0;1,1,0,0,0;4,0,0,0,4;2,0,2,0,0;
 [i2_from_dead-5---2m/]
i:7,6,1,0,0;1,1,0,0,0;1,1,0,0,0;1,1,0,0,0;4,0,4,0,0;2,0,0,0,2;
 [capt-1-3/]
f:1,0,0,1,0;1,0,1,0,0;0,0,0,0,0;0,0,0,0,0;1,0,1,0,0;5,0,5,0,0;
 [i0_from_capt-1-3/]
i:1,0,0,1,0;1,0,0,0,1;0,0,0,0,0;0,0,0,0,0;1,0,1,0,0;5,0,5,0,0;
 [i1_from_capt-1-3/]
i:1,0,0,1,0;1,0,1,0,0;0,0,0,0,0;0,0,0,0,0;1,0,0,0,1;5,0,5,0,0;
 [i2_from_capt-1-3/]
i:1,0,0,1,0;1,0,1,0,0;0,0,0,0,0;0,0,0,0,0;1,0,1,0,0;5,0,4,0,1;
 [i3_from_capt-1-3/]
i:1,0,0,1,0;1,0,1,0,0;0,0,0,0,0;0,0,0,0,0;1,0,1,0,0;5,0,1,0,4;
 [capt-1-4/]
f:1,0,0,1,0;1,0,1,0,0;0,0,0,0,0;0,0,0,0,0;5,0,5,0,0;7,1,6,0,0;
 [i0_from_capt-1-4/]
i:1,0,0,1,0;1,0,0,0,1;0,0,0,0,0;0,0,0,0,0;5,0,5,0,0;7,1,6,0,0;
 [i1_from_capt-1-4/]
i:1,0,0,1,0;1,0,1,0,0;0,0,0,0,0;0,0,0,0,0;5,0,4,0,1;7,1,6,0,0;
 [i2_from_capt-1-4/]
i:1,0,0,1,0;1,0,1,0,0;0,0,0,0,0;0,0,0,0,0;5,0,1,0,4;7,1,6,0,0;
 [i3_from_capt-1-4/]
i:1,0,0,1,0;1,0,1,0,0;0,0,0,0,0;0,0,0,0,0;5,0,5,0,0;7,1,4,0,2;
 [i4_from_capt-1-4/]
i:1,0,0,1,0;1,0,1,0,0;0,0,0,0,0;0,0,0,0,0;5,0,5,0,0;7,1,2,0,4;
 [capt-2-2/]
f:1,0,0,1,0;1,0,1,0,0;1,0,1,0,0;0,0,0,0,0;0,0,0,0,0;5,0,5,0,0;
 [i0_from_capt-2-2/]
i:1,0,0,1,0;1,0,0,0,1;1,0,1,0,0;0,0,0,0,0;0,0,0,0,0;5,0,5,0,0;
 [i1_from_capt-2-2/]
i:1,0,0,1,0;1,0,1,0,0;1,0,0,0,1;0,0,0,0,0;0,0,0,0,0;5,0,5,0,0;
 [i2_from_capt-2-2/]
i:1,0,0,1,0;1,0,1,0,0;1,0,1,0,0;0,0,0,0,0;0,0,0,0,0;5,0,4,0,1;
 [i3_from_capt-2-2/]
i:1,0,0,1,0;1,0,1,0,0;1,0,1,0,0;0,0,0,0,0;0,0,0,0,0;5,0,1,0,4;
 [capt-5/]
f:3,0,2,1,0;0,0,0,0,0;0,0,0,0,0;1,0,1,0,0;1,0,1,0,0;5,0,5,0,0;
 [i0_from_capt-5/]
i:3,0,0,1,2;0,0,0,0,0;0,0,0,0,0;1,0,1,0,0;1,0,1,0,0;5,0,5,0,0;
 [i1_from_capt-5/]
i:3,0,2,1,0;0,0,0,0,0;0,0,0,0,0;1,0,0,0,1;1,0,1,0,0;5,0,5,0,0;
 [i2_from_capt-5/]
i:3,0,2,1,0;0,0,0,0,0;0,0,0,0,0;1,0,1,0,0;1,0,0,0,1;5,0,5,0,0;
 [i3_from_capt-5/]
i:3,0,2,1,0;0,0,0,0,0;0,0,0,0,0;1,0,1,0,0;1,0,1,0,0;5,0,4,0,1;
 [i4_from_capt-5/]
i:3,0,2,1,0;0,0,0,0,0;0,0,0,0,0;1,0,1,0,0;1,0,1,0,0;5,0,1,0,4;
 [capt-6/]
f:1,0,0,1,0;1,0,1,0,0;0,0,0,0,0;0,0,0,0,0;5,0,5,0,0;7,1,6,0,0;
 [i0_from_capt-6/]
i:1,0,0,1,0;1,0,0,0,1;0,0,0,0,0;0,0,0,0,0;5,0,5,0,0;7,1,6,0,0;
 [i1_from_capt-6/]
i:1,0,0,1,0;1,0,1,0,0;0,0,0,0,0;0,0,0,0,0;5,0,4,0,1;7,1,6,0,0;
 [i2_from_capt-6/]
i:1,0,0,1,0;1,0,1,0,0;0,0,0,0,0;0,0,0,0,0;5,0,1,0,4;7,1,6,0,0;
 [i3_from_capt-6/]
i:1,0,0,1,0;1,0,1,0,0;0,0,0,0,0;0,0,0,0,0;5,0,5,0,0;7,1,4,0,2;
 [i4_from_capt-6/]
i:1,0,0,1,0;1,0,1,0,0;0,0,0,0,0;0,0,0,0,0;5,0,5,0,0;7,1,2,0,4;
 [capt-3-3/]
f:1,0,1,0,0;0,0,0,0,0;0,0,0,0,0;5,0,5,0,0;6,0,2,4,0;7,1,6,0,0;
 [i0_from_capt-3-3/]
i:1,0,0,0,1;0,0,0,0,0;0,0,0,0,0;5,0,5,0,0;6,0,2,4,0;7,1,6,0,0;
 [i1_from_capt-3-3/]
i:1,0,1,0,0;0,0,0,0,0;0,0,0,0,0;5,0,4,0,1;6,0,2,4,0;7,1,6,0,0;
 [i2_from_capt-3-3/]
i:1,0,1,0,0;0,0,0,0,0;0,0,0,0,0;5,0,1,0,4;6,0,2,4,0;7,1,6,0,0;
 [i3_from_capt-3-3/]
i:1,0,1,0,0;0,0,0,0,0;0,0,0,0,0;5,0,5,0,0;6,0,0,4,2;7,1,6,0,0;
 [i4_from_capt-3-3/]
i:1,0,1,0,0;0,0,0,0,0;0,0,0,0,0;5,0,5,0,0;6,0,2,4,0;7,1,4,0,2;
 [i5_from_capt-3-3/]
i:1,0,1,0,0;0,0,0,0,0;0,0,0,0,0;5,0,5,0,0;6,0,2,4,0;7,1,2,0,4;
 [spec_i0_from_capt-3-3/]
i:1,0,1,0,0;0,0,0,0,0;0,0,0,0,0;5,0,5,0,0;7,0,2,4,0;7,0,4,0,2;
 [spec_i0_from_capt-3-3m/]
i:7,0,0,4,2;7,0,6,0,0;1,0,1,0,0;0,0,0,0,0;0,0,0,0,0;5,0,5,0,0;
 [spec_i1_from_capt-3-3/]
i:1,0,1,0,0;0,0,0,0,0;0,0,0,0,0;5,0,5,0,0;7,0,2,4,0;7,0,2,0,4;
 [pinf-xx/]
f:1,0,0,0,0;1,0,0,0,0;5,0,4,0,0;1,0,1,0,0;1,0,1,0,0;5,0,5,0,0;
 [i0_from_pinf-xx/]
i:1,0,0,0,0;1,0,0,0,0;5,0,0,0,4;1,0,1,0,0;1,0,1,0,0;5,0,5,0,0;
 [i1_from_pinf-xx/]
i:1,0,0,0,0;1,0,0,0,0;5,0,4,0,0;1,0,0,0,1;1,0,1,0,0;5,0,5,0,0;
 [i2_from_pinf-xx/]
i:1,0,0,0,0;1,0,0,0,0;5,0,4,0,0;1,0,1,0,0;1,0,0,0,1;5,0,5,0,0;
 [i3_from_pinf-xx/]
i:1,0,0,0,0;1,0,0,0,0;5,0,4,0,0;1,0,1,0,0;1,0,1,0,0;5,0,4,0,1;
 [i4_from_pinf-xx/]
i:1,0,0,0,0;1,0,0,0,0;5,0,4,0,0;1,0,1,0,0;1,0,1,0,0;5,0,1,0,4;
 [pinf-xb/]
f:3,2,0,0,0;1,0,0,0,0;5,0,4,0,0;1,0,1,0,0;1,0,1,0,0;1,0,1,0,0;
 [s0_from_pinf-xb/]
s:3,0,0,0,2;1,0,0,0,0;5,0,4,0,0;1,0,1,0,0;1,0,1,0,0;1,0,1,0,0;
 [i0_from_pinf-xb/]
i:3,2,0,0,0;1,0,0,0,0;5,0,0,0,4;1,0,1,0,0;1,0,1,0,0;1,0,1,0,0;
 [i1_from_pinf-xb/]
i:3,2,0,0,0;1,0,0,0,0;5,0,4,0,0;1,0,0,0,1;1,0,1,0,0;1,0,1,0,0;
 [i2_from_pinf-xb/]
i:3,2,0,0,0;1,0,0,0,0;5,0,4,0,0;1,0,1,0,0;1,0,0,0,1;1,0,1,0,0;
 [i3_from_pinf-xb/]
i:3,2,0,0,0;1,0,0,0,0;5,0,4,0,0;1,0,1,0,0;1,0,1,0,0;1,0,0,0,1;
 [pinf-xbm/]
f:1,0,1,0,0;1,0,1,0,0;5,0,5,0,0;1,0,0,0,0;1,0,0,0,0;3,2,0,0,0;
 [s0_from_pinf-xbm/]
s:1,0,1,0,0;1,0,1,0,0;5,0,5,0,0;1,0,0,0,0;1,0,0,0,0;3,0,0,0,2;
 [i0_from_pinf-xbm/]
i:1,0,0,0,1;1,0,1,0,0;5,0,5,0,0;1,0,0,0,0;1,0,0,0,0;3,2,0,0,0;
 [i1_from_pinf-xbm/]
i:1,0,1,0,0;1,0,0,0,1;5,0,5,0,0;1,0,0,0,0;1,0,0,0,0;3,2,0,0,0;
 [i2_from_pinf-xbm/]
i:1,0,1,0,0;1,0,1,0,0;5,0,4,0,1;1,0,0,0,0;1,0,0,0,0;3,2,0,0,0;
 [i3_from_pinf-xbm/]
i:1,0,1,0,0;1,0,1,0,0;5,0,1,0,4;1,0,0,0,0;1,0,0,0,0;3,2,0,0,0;
 [pinf-xw/]
f:5,0,4,0,0;1,0,0,0,0;5,0,4,0,0;1,0,1,0,0;1,0,1,0,0;1,0,1,0,0;
 [i0_from_pinf-xw/]
i:5,0,0,0,4;1,0,0,0,0;5,0,4,0,0;1,0,1,0,0;1,0,1,0,0;1,0,1,0,0;
 [i1_from_pinf-xw/]
i:5,0,4,0,0;1,0,0,0,0;5,0,0,0,4;1,0,1,0,0;1,0,1,0,0;1,0,1,0,0;
 [i2_from_pinf-xw/]
i:5,0,4,0,0;1,0,0,0,0;5,0,4,0,0;1,0,0,0,1;1,0,1,0,0;1,0,1,0,0;
 [i3_from_pinf-xw/]
i:5,0,4,0,0;1,0,0,0,0;5,0,4,0,0;1,0,1,0,0;1,0,0,0,1;1,0,1,0,0;
 [i4_from_pinf-xw/]
i:5,0,4,0,0;1,0,0,0,0;5,0,4,0,0;1,0,1,0,0;1,0,1,0,0;1,0,0,0,1;
 [pinf-xwm/]
f:1,0,1,0,0;1,0,1,0,0;5,0,5,0,0;1,0,0,0,0;5,0,4,0,0;1,0,0,0,0;
 [i0_from_pinf-xwm/]
i:1,0,0,0,1;1,0,1,0,0;5,0,5,0,0;1,0,0,0,0;5,0,4,0,0;1,0,0,0,0;
 [i1_from_pinf-xwm/]
i:1,0,1,0,0;1,0,0,0,1;5,0,5,0,0;1,0,0,0,0;5,0,4,0,0;1,0,0,0,0;
 [i2_from_pinf-xwm/]
i:1,0,1,0,0;1,0,1,0,0;5,0,4,0,1;1,0,0,0,0;5,0,4,0,0;1,0,0,0,0;
 [i3_from_pinf-xwm/]
i:1,0,1,0,0;1,0,1,0,0;5,0,1,0,4;1,0,0,0,0;5,0,4,0,0;1,0,0,0,0;
 [i4_from_pinf-xwm/]
i:1,0,1,0,0;1,0,1,0,0;5,0,5,0,0;1,0,0,0,0;5,0,0,0,4;1,0,0,0,0;
 [pinf-bb/]
f:3,2,0,0,0;1,0,0,0,0;3,2,0,0,0;1,0,1,0,0;1,0,1,0,0;1,0,1,0,0;
 [s0_from_pinf-bb/]
s:3,0,0,0,2;1,0,0,0,0;3,2,0,0,0;1,0,1,0,0;1,0,1,0,0;1,0,1,0,0;
 [s1_from_pinf-bb/]
s:3,2,0,0,0;1,0,0,0,0;3,0,0,0,2;1,0,1,0,0;1,0,1,0,0;1,0,1,0,0;
 [i0_from_pinf-bb/]
i:3,2,0,0,0;1,0,0,0,0;3,2,0,0,0;1,0,0,0,1;1,0,1,0,0;1,0,1,0,0;
 [i1_from_pinf-bb/]
i:3,2,0,0,0;1,0,0,0,0;3,2,0,0,0;1,0,1,0,0;1,0,0,0,1;1,0,1,0,0;
 [i2_from_pinf-bb/]
i:3,2,0,0,0;1,0,0,0,0;3,2,0,0,0;1,0,1,0,0;1,0,1,0,0;1,0,0,0,1;
 [pinf-bw/]
f:5,0,4,0,0;1,0,0,0,0;3,2,0,0,0;1,0,1,0,0;1,0,1,0,0;1,0,1,0,0;
 [s0_from_pinf-bw/]
s:5,0,4,0,0;1,0,0,0,0;3,0,0,0,2;1,0,1,0,0;1,0,1,0,0;1,0,1,0,0;
 [i0_from_pinf-bw/]
i:5,0,0,0,4;1,0,0,0,0;3,2,0,0,0;1,0,1,0,0;1,0,1,0,0;1,0,1,0,0;
 [i1_from_pinf-bw/]
i:5,0,4,0,0;1,0,0,0,0;3,2,0,0,0;1,0,0,0,1;1,0,1,0,0;1,0,1,0,0;
 [i2_from_pinf-bw/]
i:5,0,4,0,0;1,0,0,0,0;3,2,0,0,0;1,0,1,0,0;1,0,0,0,1;1,0,1,0,0;
 [i3_from_pinf-bw/]
i:5,0,4,0,0;1,0,0,0,0;3,2,0,0,0;1,0,1,0,0;1,0,1,0,0;1,0,0,0,1;
 [pinf-bwm/]
f:1,0,1,0,0;1,0,1,0,0;1,0,1,0,0;3,2,0,0,0;5,0,4,0,0;1,0,0,0,0;
 [s0_from_pinf-bwm/]
s:1,0,1,0,0;1,0,1,0,0;1,0,1,0,0;3,0,0,0,2;5,0,4,0,0;1,0,0,0,0;
 [i0_from_pinf-bwm/]
i:1,0,0,0,1;1,0,1,0,0;1,0,1,0,0;3,2,0,0,0;5,0,4,0,0;1,0,0,0,0;
 [i1_from_pinf-bwm/]
i:1,0,1,0,0;1,0,0,0,1;1,0,1,0,0;3,2,0,0,0;5,0,4,0,0;1,0,0,0,0;
 [i2_from_pinf-bwm/]
i:1,0,1,0,0;1,0,1,0,0;1,0,0,0,1;3,2,0,0,0;5,0,4,0,0;1,0,0,0,0;
 [i3_from_pinf-bwm/]
i:1,0,1,0,0;1,0,1,0,0;1,0,1,0,0;3,2,0,0,0;5,0,0,0,4;1,0,0,0,0;
 [pinf-ww/]
f:5,0,4,0,0;5,0,4,0,0;1,0,0,0,0;1,0,1,0,0;1,0,1,0,0;1,0,1,0,0;
 [i0_from_pinf-ww/]
i:5,0,0,0,4;5,0,4,0,0;1,0,0,0,0;1,0,1,0,0;1,0,1,0,0;1,0,1,0,0;
 [i1_from_pinf-ww/]
i:5,0,4,0,0;5,0,0,0,4;1,0,0,0,0;1,0,1,0,0;1,0,1,0,0;1,0,1,0,0;
 [i2_from_pinf-ww/]
i:5,0,4,0,0;5,0,4,0,0;1,0,0,0,0;1,0,0,0,1;1,0,1,0,0;1,0,1,0,0;
 [i3_from_pinf-ww/]
i:5,0,4,0,0;5,0,4,0,0;1,0,0,0,0;1,0,1,0,0;1,0,0,0,1;1,0,1,0,0;
 [i4_from_pinf-ww/]
i:5,0,4,0,0;5,0,4,0,0;1,0,0,0,0;1,0,1,0,0;1,0,1,0,0;1,0,0,0,1;
 [nd-A13x-60/]
f:7,6,0,1,0;0,0,0,0,0;1,1,0,0,0;1,1,0,0,0;1,1,0,0,0;4,4,0,0,0;
 [s0_from_nd-A13x-60/]
s:7,4,0,1,2;0,0,0,0,0;1,1,0,0,0;1,1,0,0,0;1,1,0,0,0;4,4,0,0,0;
 [s1_from_nd-A13x-60/]
s:7,2,0,1,4;0,0,0,0,0;1,1,0,0,0;1,1,0,0,0;1,1,0,0,0;4,4,0,0,0;
 [s2_from_nd-A13x-60/]
s:7,6,0,1,0;0,0,0,0,0;1,0,0,0,1;1,1,0,0,0;1,1,0,0,0;4,4,0,0,0;
 [s3_from_nd-A13x-60/]
s:7,6,0,1,0;0,0,0,0,0;1,1,0,0,0;1,0,0,0,1;1,1,0,0,0;4,4,0,0,0;
 [s4_from_nd-A13x-60/]
s:7,6,0,1,0;0,0,0,0,0;1,1,0,0,0;1,1,0,0,0;1,0,0,0,1;4,4,0,0,0;
 [s5_from_nd-A13x-60/]
s:7,6,0,1,0;0,0,0,0,0;1,1,0,0,0;1,1,0,0,0;1,1,0,0,0;4,0,0,0,4;
 [nd-A13c-61/]
f:23,20,0,0,3;0,0,0,0,0;1,1,0,0,0;1,1,0,0,0;1,1,0,0,0;4,4,0,0,0;
 [s0_from_nd-A13c-61/]
s:23,16,0,0,4;0,0,0,0,0;1,1,0,0,0;1,1,0,0,0;1,1,0,0,0;4,4,0,0,0;
 [s1_from_nd-A13c-61/]
s:23,4,0,0,16;0,0,0,0,0;1,1,0,0,0;1,1,0,0,0;1,1,0,0,0;4,4,0,0,0;
 [s2_from_nd-A13c-61/]
s:23,20,0,0,0;0,0,0,0,0;1,0,0,0,1;1,1,0,0,0;1,1,0,0,0;4,4,0,0,0;
 [s3_from_nd-A13c-61/]
s:23,20,0,0,0;0,0,0,0,0;1,1,0,0,0;1,0,0,0,1;1,1,0,0,0;4,4,0,0,0;
 [s4_from_nd-A13c-61/]
s:23,20,0,0,0;0,0,0,0,0;1,1,0,0,0;1,1,0,0,0;1,0,0,0,1;4,4,0,0,0;
 [s5_from_nd-A13c-61/]
s:23,20,0,0,0;0,0,0,0,0;1,1,0,0,0;1,1,0,0,0;1,1,0,0,0;4,0,0,0,4;
 [nd-A13c-61m/]
f:0,0,0,0,0;1,1,0,0,0;1,1,0,0,0;1,1,0,0,0;36,36,0,0,0;7,4,0,0,3;
 [s0_from_nd-A13c-61m/]
s:0,0,0,0,0;1,0,0,0,1;1,1,0,0,0;1,1,0,0,0;36,36,0,0,0;7,4,0,0,0;
 [s1_from_nd-A13c-61m/]
s:0,0,0,0,0;1,1,0,0,0;1,0,0,0,1;1,1,0,0,0;36,36,0,0,0;7,4,0,0,0;
 [s2_from_nd-A13c-61m/]
s:0,0,0,0,0;1,1,0,0,0;1,1,0,0,0;1,0,0,0,1;36,36,0,0,0;7,4,0,0,0;
 [s3_from_nd-A13c-61m/]
s:0,0,0,0,0;1,1,0,0,0;1,1,0,0,0;1,1,0,0,0;36,32,0,0,4;7,4,0,0,0;
 [s4_from_nd-A13c-61m/]
s:0,0,0,0,0;1,1,0,0,0;1,1,0,0,0;1,1,0,0,0;36,4,0,0,32;7,4,0,0,0;
 [s5_from_nd-A13c-61m/]
s:0,0,0,0,0;1,1,0,0,0;1,1,0,0,0;1,1,0,0,0;36,36,0,0,0;7,0,0,0,4;
 [nd-A13c-62/]
f:15,4,8,0,3;0,0,0,0,0;1,1,0,0,0;1,1,0,0,0;1,1,0,0,0;4,4,0,0,0;
 [s0_from_nd-A13c-62/]
s:15,0,8,0,4;0,0,0,0,0;1,1,0,0,0;1,1,0,0,0;1,1,0,0,0;4,4,0,0,0;
 [s1_from_nd-A13c-62/]
s:15,4,8,0,0;0,0,0,0,0;1,0,0,0,1;1,1,0,0,0;1,1,0,0,0;4,4,0,0,0;
 [s2_from_nd-A13c-62/]
s:15,4,8,0,0;0,0,0,0,0;1,1,0,0,0;1,0,0,0,1;1,1,0,0,0;4,4,0,0,0;
 [s3_from_nd-A13c-62/]
s:15,4,8,0,0;0,0,0,0,0;1,1,0,0,0;1,1,0,0,0;1,0,0,0,1;4,4,0,0,0;
 [s4_from_nd-A13c-62/]
s:15,4,8,0,0;0,0,0,0,0;1,1,0,0,0;1,1,0,0,0;1,1,0,0,0;4,0,0,0,4;
 [i0_from_nd-A13c-62/]
i:15,4,0,0,8;0,0,0,0,0;1,1,0,0,0;1,1,0,0,0;1,1,0,0,0;4,4,0,0,0;
 [nd-A13s-63/]
f:55,50,0,0,5;0,0,0,0,0;1,1,0,0,0;1,1,0,0,0;1,1,0,0,0;4,4,0,0,0;
 [s0_from_nd-A13s-63/]
s:55,48,0,0,2;0,0,0,0,0;1,1,0,0,0;1,1,0,0,0;1,1,0,0,0;4,4,0,0,0;
 [s1_from_nd-A13s-63/]
s:55,34,0,0,16;0,0,0,0,0;1,1,0,0,0;1,1,0,0,0;1,1,0,0,0;4,4,0,0,0;
 [s2_from_nd-A13s-63/]
s:55,18,0,0,32;0,0,0,0,0;1,1,0,0,0;1,1,0,0,0;1,1,0,0,0;4,4,0,0,0;
 [s3_from_nd-A13s-63/]
s:55,50,0,0,0;0,0,0,0,0;1,0,0,0,1;1,1,0,0,0;1,1,0,0,0;4,4,0,0,0;
 [s4_from_nd-A13s-63/]
s:55,50,0,0,0;0,0,0,0,0;1,1,0,0,0;1,0,0,0,1;1,1,0,0,0;4,4,0,0,0;
 [s5_from_nd-A13s-63/]
s:55,50,0,0,0;0,0,0,0,0;1,1,0,0,0;1,1,0,0,0;1,0,0,0,1;4,4,0,0,0;
 [s6_from_nd-A13s-63/]
s:55,50,0,0,0;0,0,0,0,0;1,1,0,0,0;1,1,0,0,0;1,1,0,0,0;4,0,0,0,4;
 [nd-A13s-63m/]
f:0,0,0,0,0;1,1,0,0,0;1,1,0,0,0;1,1,0,0,0;52,48,0,0,4;7,6,0,0,1;
 [s0_from_nd-A13s-63m/]
s:0,0,0,0,0;1,0,0,0,1;1,1,0,0,0;1,1,0,0,0;52,48,0,0,0;7,6,0,0,0;
 [s1_from_nd-A13s-63m/]
s:0,0,0,0,0;1,1,0,0,0;1,0,0,0,1;1,1,0,0,0;52,48,0,0,0;7,6,0,0,0;
 [s2_from_nd-A13s-63m/]
s:0,0,0,0,0;1,1,0,0,0;1,1,0,0,0;1,0,0,0,1;52,48,0,0,0;7,6,0,0,0;
 [s3_from_nd-A13s-63m/]
s:0,0,0,0,0;1,1,0,0,0;1,1,0,0,0;1,1,0,0,0;52,32,0,0,16;7,6,0,0,0;
 [s4_from_nd-A13s-63m/]
s:0,0,0,0,0;1,1,0,0,0;1,1,0,0,0;1,1,0,0,0;52,16,0,0,32;7,6,0,0,0;
 [s5_from_nd-A13s-63m/]
s:0,0,0,0,0;1,1,0,0,0;1,1,0,0,0;1,1,0,0,0;52,48,0,0,0;7,4,0,0,2;
 [s6_from_nd-A13s-63m/]
s:0,0,0,0,0;1,1,0,0,0;1,1,0,0,0;1,1,0,0,0;52,48,0,0,0;7,2,0,0,4;
 [nd-A13s-64/]
f:23,18,0,0,5;2,0,2,0,0;1,1,0,0,0;1,1,0,0,0;1,1,0,0,0;4,4,0,0,0;
 [s0_from_nd-A13s-64/]
s:23,16,0,0,2;2,0,2,0,0;1,1,0,0,0;1,1,0,0,0;1,1,0,0,0;4,4,0,0,0;
 [s1_from_nd-A13s-64/]
s:23,2,0,0,16;2,0,2,0,0;1,1,0,0,0;1,1,0,0,0;1,1,0,0,0;4,4,0,0,0;
 [s2_from_nd-A13s-64/]
s:23,18,0,0,0;2,0,2,0,0;1,0,0,0,1;1,1,0,0,0;1,1,0,0,0;4,4,0,0,0;
 [s3_from_nd-A13s-64/]
s:23,18,0,0,0;2,0,2,0,0;1,1,0,0,0;1,0,0,0,1;1,1,0,0,0;4,4,0,0,0;
 [s4_from_nd-A13s-64/]
s:23,18,0,0,0;2,0,2,0,0;1,1,0,0,0;1,1,0,0,0;1,0,0,0,1;4,4,0,0,0;
 [s5_from_nd-A13s-64/]
s:23,18,0,0,0;2,0,2,0,0;1,1,0,0,0;1,1,0,0,0;1,1,0,0,0;4,0,0,0,4;
 [i0_from_nd-A13s-64/]
i:23,18,0,0,0;2,0,0,0,2;1,1,0,0,0;1,1,0,0,0;1,1,0,0,0;4,4,0,0,0;
 [nd-A13s-64m/]
f:0,0,0,0,0;1,1,0,0,0;1,1,0,0,0;1,1,0,0,0;38,32,2,0,4;7,6,0,0,1;
 [s0_from_nd-A13s-64m/]
s:0,0,0,0,0;1,0,0,0,1;1,1,0,0,0;1,1,0,0,0;38,32,2,0,0;7,6,0,0,0;
 [s1_from_nd-A13s-64m/]
s:0,0,0,0,0;1,1,0,0,0;1,0,0,0,1;1,1,0,0,0;38,32,2,0,0;7,6,0,0,0;
 [s2_from_nd-A13s-64m/]
s:0,0,0,0,0;1,1,0,0,0;1,1,0,0,0;1,0,0,0,1;38,32,2,0,0;7,6,0,0,0;
 [s3_from_nd-A13s-64m/]
s:0,0,0,0,0;1,1,0,0,0;1,1,0,0,0;1,1,0,0,0;38,0,2,0,32;7,6,0,0,0;
 [s4_from_nd-A13s-64m/]
s:0,0,0,0,0;1,1,0,0,0;1,1,0,0,0;1,1,0,0,0;38,32,2,0,0;7,4,0,0,2;
 [s5_from_nd-A13s-64m/]
s:0,0,0,0,0;1,1,0,0,0;1,1,0,0,0;1,1,0,0,0;38,32,2,0,0;7,2,0,0,4;
 [i0_from_nd-A13s-64m/]
i:0,0,0,0,0;1,1,0,0,0;1,1,0,0,0;1,1,0,0,0;38,32,0,0,2;7,6,0,0,0;
 [nd-A13s-65/]
f:39,2,32,0,5;2,0,2,0,0;1,1,0,0,0;1,1,0,0,0;1,1,0,0,0;4,4,0,0,0;
 [s0_from_nd-A13s-65/]
s:39,0,32,0,2;2,0,2,0,0;1,1,0,0,0;1,1,0,0,0;1,1,0,0,0;4,4,0,0,0;
 [s1_from_nd-A13s-65/]
s:39,2,32,0,0;2,0,2,0,0;1,0,0,0,1;1,1,0,0,0;1,1,0,0,0;4,4,0,0,0;
 [s2_from_nd-A13s-65/]
s:39,2,32,0,0;2,0,2,0,0;1,1,0,0,0;1,0,0,0,1;1,1,0,0,0;4,4,0,0,0;
 [s3_from_nd-A13s-65/]
s:39,2,32,0,0;2,0,2,0,0;1,1,0,0,0;1,1,0,0,0;1,0,0,0,1;4,4,0,0,0;
 [s4_from_nd-A13s-65/]
s:39,2,32,0,0;2,0,2,0,0;1,1,0,0,0;1,1,0,0,0;1,1,0,0,0;4,0,0,0,4;
 [i0_from_nd-A13s-65/]
i:39,2,0,0,32;2,0,2,0,0;1,1,0,0,0;1,1,0,0,0;1,1,0,0,0;4,4,0,0,0;
 [i1_from_nd-A13s-65/]
i:39,2,32,0,0;2,0,0,0,2;1,1,0,0,0;1,1,0,0,0;1,1,0,0,0;4,4,0,0,0;
 [nd-A13s-65m/]
f:0,0,0,0,0;1,1,0,0,0;1,1,0,0,0;1,1,0,0,0;22,0,18,0,4;7,6,0,0,1;
 [s0_from_nd-A13s-65m/]
s:0,0,0,0,0;1,0,0,0,1;1,1,0,0,0;1,1,0,0,0;22,0,18,0,0;7,6,0,0,0;
 [s1_from_nd-A13s-65m/]
s:0,0,0,0,0;1,1,0,0,0;1,0,0,0,1;1,1,0,0,0;22,0,18,0,0;7,6,0,0,0;
 [s2_from_nd-A13s-65m/]
s:0,0,0,0,0;1,1,0,0,0;1,1,0,0,0;1,0,0,0,1;22,0,18,0,0;7,6,0,0,0;
 [s3_from_nd-A13s-65m/]
s:0,0,0,0,0;1,1,0,0,0;1,1,0,0,0;1,1,0,0,0;22,0,18,0,0;7,4,0,0,2;
 [s4_from_nd-A13s-65m/]
s:0,0,0,0,0;1,1,0,0,0;1,1,0,0,0;1,1,0,0,0;22,0,18,0,0;7,2,0,0,4;
 [i0_from_nd-A13s-65m/]
i:0,0,0,0,0;1,1,0,0,0;1,1,0,0,0;1,1,0,0,0;22,0,16,0,2;7,6,0,0,0;
 [i1_from_nd-A13s-65m/]
i:0,0,0,0,0;1,1,0,0,0;1,1,0,0,0;1,1,0,0,0;22,0,2,0,16;7,6,0,0,0;
 [nd-A22x-30/]
f:7,6,0,1,0;0,0,0,0,0;0,0,0,0,0;1,0,1,0,0;1,0,1,0,0;1,0,1,0,0;
 [s0_from_nd-A22x-30/]
s:7,4,0,1,2;0,0,0,0,0;0,0,0,0,0;1,0,1,0,0;1,0,1,0,0;1,0,1,0,0;
 [s1_from_nd-A22x-30/]
s:7,2,0,1,4;0,0,0,0,0;0,0,0,0,0;1,0,1,0,0;1,0,1,0,0;1,0,1,0,0;
 [i0_from_nd-A22x-30/]
i:7,6,0,1,0;0,0,0,0,0;0,0,0,0,0;1,0,0,0,1;1,0,1,0,0;1,0,1,0,0;
 [i1_from_nd-A22x-30/]
i:7,6,0,1,0;0,0,0,0,0;0,0,0,0,0;1,0,1,0,0;1,0,0,0,1;1,0,1,0,0;
 [i2_from_nd-A22x-30/]
i:7,6,0,1,0;0,0,0,0,0;0,0,0,0,0;1,0,1,0,0;1,0,1,0,0;1,0,0,0,1;
 [nd-A22x-30m/]
f:1,0,1,0,0;1,0,1,0,0;1,0,1,0,0;0,0,0,0,0;4,4,0,0,0;3,2,0,1,0;
 [s0_from_nd-A22x-30m/]
s:1,0,1,0,0;1,0,1,0,0;1,0,1,0,0;0,0,0,0,0;4,0,0,0,4;3,2,0,1,0;
 [s1_from_nd-A22x-30m/]
s:1,0,1,0,0;1,0,1,0,0;1,0,1,0,0;0,0,0,0,0;4,4,0,0,0;3,0,0,1,2;
 [i0_from_nd-A22x-30m/]
i:1,0,0,0,1;1,0,1,0,0;1,0,1,0,0;0,0,0,0,0;4,4,0,0,0;3,2,0,1,0;
 [i1_from_nd-A22x-30m/]
i:1,0,1,0,0;1,0,0,0,1;1,0,1,0,0;0,0,0,0,0;4,4,0,0,0;3,2,0,1,0;
 [i2_from_nd-A22x-30m/]
i:1,0,1,0,0;1,0,1,0,0;1,0,0,0,1;0,0,0,0,0;4,4,0,0,0;3,2,0,1,0;
 [nd-A22o-33/]
f:31,28,0,0,3;0,0,0,0,0;0,0,0,0,0;1,0,1,0,0;1,0,1,0,0;1,0,1,0,0;
 [s0_from_nd-A22o-33/]
s:31,24,0,0,4;0,0,0,0,0;0,0,0,0,0;1,0,1,0,0;1,0,1,0,0;1,0,1,0,0;
 [s1_from_nd-A22o-33/]
s:31,20,0,0,8;0,0,0,0,0;0,0,0,0,0;1,0,1,0,0;1,0,1,0,0;1,0,1,0,0;
 [s2_from_nd-A22o-33/]
s:31,12,0,0,16;0,0,0,0,0;0,0,0,0,0;1,0,1,0,0;1,0,1,0,0;1,0,1,0,0;
 [i0_from_nd-A22o-33/]
i:31,28,0,0,0;0,0,0,0,0;0,0,0,0,0;1,0,0,0,1;1,0,1,0,0;1,0,1,0,0;
 [i1_from_nd-A22o-33/]
i:31,28,0,0,0;0,0,0,0,0;0,0,0,0,0;1,0,1,0,0;1,0,0,0,1;1,0,1,0,0;
 [i2_from_nd-A22o-33/]
i:31,28,0,0,0;0,0,0,0,0;0,0,0,0,0;1,0,1,0,0;1,0,1,0,0;1,0,0,0,1;
 [nd-A22o-33m/]
f:1,0,1,0,0;1,0,1,0,0;1,0,1,0,0;0,0,0,0,0;36,36,0,0,0;11,8,0,0,3;
 [s0_from_nd-A22o-33m/]
s:1,0,1,0,0;1,0,1,0,0;1,0,1,0,0;0,0,0,0,0;36,32,0,0,4;11,8,0,0,0;
 [s1_from_nd-A22o-33m/]
s:1,0,1,0,0;1,0,1,0,0;1,0,1,0,0;0,0,0,0,0;36,4,0,0,32;11,8,0,0,0;
 [s2_from_nd-A22o-33m/]
s:1,0,1,0,0;1,0,1,0,0;1,0,1,0,0;0,0,0,0,0;36,36,0,0,0;11,0,0,0,8;
 [i0_from_nd-A22o-33m/]
i:1,0,0,0,1;1,0,1,0,0;1,0,1,0,0;0,0,0,0,0;36,36,0,0,0;11,8,0,0,0;
 [i1_from_nd-A22o-33m/]
i:1,0,1,0,0;1,0,0,0,1;1,0,1,0,0;0,0,0,0,0;36,36,0,0,0;11,8,0,0,0;
 [i2_from_nd-A22o-33m/]
i:1,0,1,0,0;1,0,1,0,0;1,0,0,0,1;0,0,0,0,0;36,36,0,0,0;11,8,0,0,0;
 [nd-A22s-33/]
f:55,50,0,0,5;0,0,0,0,0;0,0,0,0,0;1,0,1,0,0;1,0,1,0,0;1,0,1,0,0;
 [s0_from_nd-A22s-33/]
s:55,48,0,0,2;0,0,0,0,0;0,0,0,0,0;1,0,1,0,0;1,0,1,0,0;1,0,1,0,0;
 [s1_from_nd-A22s-33/]
s:55,34,0,0,16;0,0,0,0,0;0,0,0,0,0;1,0,1,0,0;1,0,1,0,0;1,0,1,0,0;
 [s2_from_nd-A22s-33/]
s:55,18,0,0,32;0,0,0,0,0;0,0,0,0,0;1,0,1,0,0;1,0,1,0,0;1,0,1,0,0;
 [i0_from_nd-A22s-33/]
i:55,50,0,0,0;0,0,0,0,0;0,0,0,0,0;1,0,0,0,1;1,0,1,0,0;1,0,1,0,0;
 [i1_from_nd-A22s-33/]
i:55,50,0,0,0;0,0,0,0,0;0,0,0,0,0;1,0,1,0,0;1,0,0,0,1;1,0,1,0,0;
 [i2_from_nd-A22s-33/]
i:55,50,0,0,0;0,0,0,0,0;0,0,0,0,0;1,0,1,0,0;1,0,1,0,0;1,0,0,0,1;
 [nd-A22s-33m/]
f:1,0,1,0,0;1,0,1,0,0;1,0,1,0,0;0,0,0,0,0;52,48,0,0,4;3,2,0,0,1;
 [s0_from_nd-A22s-33m/]
s:1,0,1,0,0;1,0,1,0,0;1,0,1,0,0;0,0,0,0,0;52,32,0,0,16;3,2,0,0,0;
 [s1_from_nd-A22s-33m/]
s:1,0,1,0,0;1,0,1,0,0;1,0,1,0,0;0,0,0,0,0;52,16,0,0,32;3,2,0,0,0;
 [s2_from_nd-A22s-33m/]
s:1,0,1,0,0;1,0,1,0,0;1,0,1,0,0;0,0,0,0,0;52,48,0,0,0;3,0,0,0,2;
 [i0_from_nd-A22s-33m/]
i:1,0,0,0,1;1,0,1,0,0;1,0,1,0,0;0,0,0,0,0;52,48,0,0,0;3,2,0,0,0;
 [i1_from_nd-A22s-33m/]
i:1,0,1,0,0;1,0,0,0,1;1,0,1,0,0;0,0,0,0,0;52,48,0,0,0;3,2,0,0,0;
 [i2_from_nd-A22s-33m/]
i:1,0,1,0,0;1,0,1,0,0;1,0,0,0,1;0,0,0,0,0;52,48,0,0,0;3,2,0,0,0;
 [nd-A22o-34/]
f:23,20,0,0,3;0,0,0,0,0;0,0,0,0,0;1,0,1,0,0;1,0,1,0,0;33,0,33,0,0;
 [s0_from_nd-A22o-34/]
s:23,16,0,0,4;0,0,0,0,0;0,0,0,0,0;1,0,1,0,0;1,0,1,0,0;33,0,33,0,0;
 [s1_from_nd-A22o-34/]
s:23,4,0,0,16;0,0,0,0,0;0,0,0,0,0;1,0,1,0,0;1,0,1,0,0;33,0,33,0,0;
 [i0_from_nd-A22o-34/]
i:23,20,0,0,0;0,0,0,0,0;0,0,0,0,0;1,0,0,0,1;1,0,1,0,0;33,0,33,0,0;
 [i1_from_nd-A22o-34/]
i:23,20,0,0,0;0,0,0,0,0;0,0,0,0,0;1,0,1,0,0;1,0,0,0,1;33,0,33,0,0;
 [i2_from_nd-A22o-34/]
i:23,20,0,0,0;0,0,0,0,0;0,0,0,0,0;1,0,1,0,0;1,0,1,0,0;33,0,32,0,1;
 [i3_from_nd-A22o-34/]
i:23,20,0,0,0;0,0,0,0,0;0,0,0,0,0;1,0,1,0,0;1,0,1,0,0;33,0,1,0,32;
 [nd-A22o-34m/]
f:1,0,1,0,0;1,0,1,0,0;1,0,1,0,0;0,0,0,0,0;36,36,0,0,0;19,0,16,0,3;
 [s0_from_nd-A22o-34m/]
s:1,0,1,0,0;1,0,1,0,0;1,0,1,0,0;0,0,0,0,0;36,32,0,0,4;19,0,16,0,0;
 [s1_from_nd-A22o-34m/]
s:1,0,1,0,0;1,0,1,0,0;1,0,1,0,0;0,0,0,0,0;36,4,0,0,32;19,0,16,0,0;
 [i0_from_nd-A22o-34m/]
i:1,0,0,0,1;1,0,1,0,0;1,0,1,0,0;0,0,0,0,0;36,36,0,0,0;19,0,16,0,0;
 [i1_from_nd-A22o-34m/]
i:1,0,1,0,0;1,0,0,0,1;1,0,1,0,0;0,0,0,0,0;36,36,0,0,0;19,0,16,0,0;
 [i2_from_nd-A22o-34m/]
i:1,0,1,0,0;1,0,1,0,0;1,0,0,0,1;0,0,0,0,0;36,36,0,0,0;19,0,16,0,0;
 [i3_from_nd-A22o-34m/]
i:1,0,1,0,0;1,0,1,0,0;1,0,1,0,0;0,0,0,0,0;36,36,0,0,0;19,0,0,0,16;
 [nd-A22s-34/]
f:23,18,0,0,5;2,0,2,0,0;0,0,0,0,0;1,0,1,0,0;1,0,1,0,0;1,0,1,0,0;
 [s0_from_nd-A22s-34/]
s:23,16,0,0,2;2,0,2,0,0;0,0,0,0,0;1,0,1,0,0;1,0,1,0,0;1,0,1,0,0;
 [s1_from_nd-A22s-34/]
s:23,2,0,0,16;2,0,2,0,0;0,0,0,0,0;1,0,1,0,0;1,0,1,0,0;1,0,1,0,0;
 [i0_from_nd-A22s-34/]
i:23,18,0,0,0;2,0,0,0,2;0,0,0,0,0;1,0,1,0,0;1,0,1,0,0;1,0,1,0,0;
 [i1_from_nd-A22s-34/]
i:23,18,0,0,0;2,0,2,0,0;0,0,0,0,0;1,0,0,0,1;1,0,1,0,0;1,0,1,0,0;
 [i2_from_nd-A22s-34/]
i:23,18,0,0,0;2,0,2,0,0;0,0,0,0,0;1,0,1,0,0;1,0,0,0,1;1,0,1,0,0;
 [i3_from_nd-A22s-34/]
i:23,18,0,0,0;2,0,2,0,0;0,0,0,0,0;1,0,1,0,0;1,0,1,0,0;1,0,0,0,1;
 [nd-A22s-34m/]
f:1,0,1,0,0;1,0,1,0,0;1,0,1,0,0;0,0,0,0,0;38,32,2,0,4;3,2,0,0,1;
 [s0_from_nd-A22s-34m/]
s:1,0,1,0,0;1,0,1,0,0;1,0,1,0,0;0,0,0,0,0;38,0,2,0,32;3,2,0,0,0;
 [s1_from_nd-A22s-34m/]
s:1,0,1,0,0;1,0,1,0,0;1,0,1,0,0;0,0,0,0,0;38,32,2,0,0;3,0,0,0,2;
 [i0_from_nd-A22s-34m/]
i:1,0,0,0,1;1,0,1,0,0;1,0,1,0,0;0,0,0,0,0;38,32,2,0,0;3,2,0,0,0;
 [i1_from_nd-A22s-34m/]
i:1,0,1,0,0;1,0,0,0,1;1,0,1,0,0;0,0,0,0,0;38,32,2,0,0;3,2,0,0,0;
 [i2_from_nd-A22s-34m/]
i:1,0,1,0,0;1,0,1,0,0;1,0,0,0,1;0,0,0,0,0;38,32,2,0,0;3,2,0,0,0;
 [i3_from_nd-A22s-34m/]
i:1,0,1,0,0;1,0,1,0,0;1,0,1,0,0;0,0,0,0,0;38,32,0,0,2;3,2,0,0,0;
 [nd-A22o-35/]
f:15,4,8,0,3;0,0,0,0,0;0,0,0,0,0;1,0,1,0,0;1,0,1,0,0;33,0,33,0,0;
 [s0_from_nd-A22o-35/]
s:15,0,8,0,4;0,0,0,0,0;0,0,0,0,0;1,0,1,0,0;1,0,1,0,0;33,0,33,0,0;
 [i0_from_nd-A22o-35/]
i:15,4,0,0,8;0,0,0,0,0;0,0,0,0,0;1,0,1,0,0;1,0,1,0,0;33,0,33,0,0;
 [i1_from_nd-A22o-35/]
i:15,4,8,0,0;0,0,0,0,0;0,0,0,0,0;1,0,0,0,1;1,0,1,0,0;33,0,33,0,0;
 [i2_from_nd-A22o-35/]
i:15,4,8,0,0;0,0,0,0,0;0,0,0,0,0;1,0,1,0,0;1,0,0,0,1;33,0,33,0,0;
 [i3_from_nd-A22o-35/]
i:15,4,8,0,0;0,0,0,0,0;0,0,0,0,0;1,0,1,0,0;1,0,1,0,0;33,0,32,0,1;
 [i4_from_nd-A22o-35/]
i:15,4,8,0,0;0,0,0,0,0;0,0,0,0,0;1,0,1,0,0;1,0,1,0,0;33,0,1,0,32;
 [nd-A22o-35m/]
f:1,0,1,0,0;1,0,1,0,0;1,0,1,0,0;0,0,0,0,0;4,4,0,0,0;27,0,24,0,3;
 [s0_from_nd-A22o-35m/]
s:1,0,1,0,0;1,0,1,0,0;1,0,1,0,0;0,0,0,0,0;4,0,0,0,4;27,0,24,0,0;
 [i0_from_nd-A22o-35m/]
i:1,0,0,0,1;1,0,1,0,0;1,0,1,0,0;0,0,0,0,0;4,4,0,0,0;27,0,24,0,0;
 [i1_from_nd-A22o-35m/]
i:1,0,1,0,0;1,0,0,0,1;1,0,1,0,0;0,0,0,0,0;4,4,0,0,0;27,0,24,0,0;
 [i2_from_nd-A22o-35m/]
i:1,0,1,0,0;1,0,1,0,0;1,0,0,0,1;0,0,0,0,0;4,4,0,0,0;27,0,24,0,0;
 [i3_from_nd-A22o-35m/]
i:1,0,1,0,0;1,0,1,0,0;1,0,1,0,0;0,0,0,0,0;4,4,0,0,0;27,0,16,0,8;
 [i4_from_nd-A22o-35m/]
i:1,0,1,0,0;1,0,1,0,0;1,0,1,0,0;0,0,0,0,0;4,4,0,0,0;27,0,8,0,16;
 [nd-A22s-35/]
f:39,2,32,0,5;2,0,2,0,0;0,0,0,0,0;1,0,1,0,0;1,0,1,0,0;1,0,1,0,0;
 [s0_from_nd-A22s-35/]
s:39,0,32,0,2;2,0,2,0,0;0,0,0,0,0;1,0,1,0,0;1,0,1,0,0;1,0,1,0,0;
 [i0_from_nd-A22s-35/]
i:39,2,0,0,32;2,0,2,0,0;0,0,0,0,0;1,0,1,0,0;1,0,1,0,0;1,0,1,0,0;
 [i1_from_nd-A22s-35/]
i:39,2,32,0,0;2,0,0,0,2;0,0,0,0,0;1,0,1,0,0;1,0,1,0,0;1,0,1,0,0;
 [i2_from_nd-A22s-35/]
i:39,2,32,0,0;2,0,2,0,0;0,0,0,0,0;1,0,0,0,1;1,0,1,0,0;1,0,1,0,0;
 [i3_from_nd-A22s-35/]
i:39,2,32,0,0;2,0,2,0,0;0,0,0,0,0;1,0,1,0,0;1,0,0,0,1;1,0,1,0,0;
 [i4_from_nd-A22s-35/]
i:39,2,32,0,0;2,0,2,0,0;0,0,0,0,0;1,0,1,0,0;1,0,1,0,0;1,0,0,0,1;
 [nd-A22s-35m/]
f:1,0,1,0,0;1,0,1,0,0;1,0,1,0,0;0,0,0,0,0;22,0,18,0,4;3,2,0,0,1;
 [s0_from_nd-A22s-35m/]
s:1,0,1,0,0;1,0,1,0,0;1,0,1,0,0;0,0,0,0,0;22,0,18,0,0;3,0,0,0,2;
 [i0_from_nd-A22s-35m/]
i:1,0,0,0,1;1,0,1,0,0;1,0,1,0,0;0,0,0,0,0;22,0,18,0,0;3,2,0,0,0;
 [i1_from_nd-A22s-35m/]
i:1,0,1,0,0;1,0,0,0,1;1,0,1,0,0;0,0,0,0,0;22,0,18,0,0;3,2,0,0,0;
 [i2_from_nd-A22s-35m/]
i:1,0,1,0,0;1,0,1,0,0;1,0,0,0,1;0,0,0,0,0;22,0,18,0,0;3,2,0,0,0;
 [i3_from_nd-A22s-35m/]
i:1,0,1,0,0;1,0,1,0,0;1,0,1,0,0;0,0,0,0,0;22,0,16,0,2;3,2,0,0,0;
 [i4_from_nd-A22s-35m/]
i:1,0,1,0,0;1,0,1,0,0;1,0,1,0,0;0,0,0,0,0;22,0,2,0,16;3,2,0,0,0;
 [nd-A22x-40/]
f:7,6,0,1,0;0,0,0,0,0;1,1,0,0,0;0,0,0,0,0;1,0,1,0,0;1,0,1,0,0;
 [s0_from_nd-A22x-40/]
s:7,4,0,1,2;0,0,0,0,0;1,1,0,0,0;0,0,0,0,0;1,0,1,0,0;1,0,1,0,0;
 [s1_from_nd-A22x-40/]
s:7,2,0,1,4;0,0,0,0,0;1,1,0,0,0;0,0,0,0,0;1,0,1,0,0;1,0,1,0,0;
 [s2_from_nd-A22x-40/]
s:7,6,0,1,0;0,0,0,0,0;1,0,0,0,1;0,0,0,0,0;1,0,1,0,0;1,0,1,0,0;
 [i0_from_nd-A22x-40/]
i:7,6,0,1,0;0,0,0,0,0;1,1,0,0,0;0,0,0,0,0;1,0,0,0,1;1,0,1,0,0;
 [i1_from_nd-A22x-40/]
i:7,6,0,1,0;0,0,0,0,0;1,1,0,0,0;0,0,0,0,0;1,0,1,0,0;1,0,0,0,1;
 [nd-A22x-40m/]
f:1,0,1,0,0;1,0,1,0,0;0,0,0,0,0;1,1,0,0,0;4,4,0,0,0;3,2,0,1,0;
 [s0_from_nd-A22x-40m/]
s:1,0,1,0,0;1,0,1,0,0;0,0,0,0,0;1,0,0,0,1;4,4,0,0,0;3,2,0,1,0;
 [s1_from_nd-A22x-40m/]
s:1,0,1,0,0;1,0,1,0,0;0,0,0,0,0;1,1,0,0,0;4,0,0,0,4;3,2,0,1,0;
 [s2_from_nd-A22x-40m/]
s:1,0,1,0,0;1,0,1,0,0;0,0,0,0,0;1,1,0,0,0;4,4,0,0,0;3,0,0,1,2;
 [i0_from_nd-A22x-40m/]
i:1,0,0,0,1;1,0,1,0,0;0,0,0,0,0;1,1,0,0,0;4,4,0,0,0;3,2,0,1,0;
 [i1_from_nd-A22x-40m/]
i:1,0,1,0,0;1,0,0,0,1;0,0,0,0,0;1,1,0,0,0;4,4,0,0,0;3,2,0,1,0;
 [nd-A22o-43/]
f:31,28,0,0,3;0,0,0,0,0;1,1,0,0,0;0,0,0,0,0;1,0,1,0,0;1,0,1,0,0;
 [s0_from_nd-A22o-43/]
s:31,24,0,0,4;0,0,0,0,0;1,1,0,0,0;0,0,0,0,0;1,0,1,0,0;1,0,1,0,0;
 [s1_from_nd-A22o-43/]
s:31,20,0,0,8;0,0,0,0,0;1,1,0,0,0;0,0,0,0,0;1,0,1,0,0;1,0,1,0,0;
 [s2_from_nd-A22o-43/]
s:31,12,0,0,16;0,0,0,0,0;1,1,0,0,0;0,0,0,0,0;1,0,1,0,0;1,0,1,0,0;
 [s3_from_nd-A22o-43/]
s:31,28,0,0,0;0,0,0,0,0;1,0,0,0,1;0,0,0,0,0;1,0,1,0,0;1,0,1,0,0;
 [i0_from_nd-A22o-43/]
i:31,28,0,0,0;0,0,0,0,0;1,1,0,0,0;0,0,0,0,0;1,0,0,0,1;1,0,1,0,0;
 [i1_from_nd-A22o-43/]
i:31,28,0,0,0;0,0,0,0,0;1,1,0,0,0;0,0,0,0,0;1,0,1,0,0;1,0,0,0,1;
 [nd-A22o-43m/]
f:1,0,1,0,0;1,0,1,0,0;0,0,0,0,0;1,1,0,0,0;36,36,0,0,0;11,8,0,0,3;
 [s0_from_nd-A22o-43m/]
s:1,0,1,0,0;1,0,1,0,0;0,0,0,0,0;1,0,0,0,1;36,36,0,0,0;11,8,0,0,0;
 [s1_from_nd-A22o-43m/]
s:1,0,1,0,0;1,0,1,0,0;0,0,0,0,0;1,1,0,0,0;36,32,0,0,4;11,8,0,0,0;
 [s2_from_nd-A22o-43m/]
s:1,0,1,0,0;1,0,1,0,0;0,0,0,0,0;1,1,0,0,0;36,4,0,0,32;11,8,0,0,0;
 [s3_from_nd-A22o-43m/]
s:1,0,1,0,0;1,0,1,0,0;0,0,0,0,0;1,1,0,0,0;36,36,0,0,0;11,0,0,0,8;
 [i0_from_nd-A22o-43m/]
i:1,0,0,0,1;1,0,1,0,0;0,0,0,0,0;1,1,0,0,0;36,36,0,0,0;11,8,0,0,0;
 [i1_from_nd-A22o-43m/]
i:1,0,1,0,0;1,0,0,0,1;0,0,0,0,0;1,1,0,0,0;36,36,0,0,0;11,8,0,0,0;
 [nd-A22s-43/]
f:55,50,0,0,5;0,0,0,0,0;1,1,0,0,0;0,0,0,0,0;1,0,1,0,0;1,0,1,0,0;
 [s0_from_nd-A22s-43/]
s:55,48,0,0,2;0,0,0,0,0;1,1,0,0,0;0,0,0,0,0;1,0,1,0,0;1,0,1,0,0;
 [s1_from_nd-A22s-43/]
s:55,34,0,0,16;0,0,0,0,0;1,1,0,0,0;0,0,0,0,0;1,0,1,0,0;1,0,1,0,0;
 [s2_from_nd-A22s-43/]
s:55,18,0,0,32;0,0,0,0,0;1,1,0,0,0;0,0,0,0,0;1,0,1,0,0;1,0,1,0,0;
 [s3_from_nd-A22s-43/]
s:55,50,0,0,0;0,0,0,0,0;1,0,0,0,1;0,0,0,0,0;1,0,1,0,0;1,0,1,0,0;
 [i0_from_nd-A22s-43/]
i:55,50,0,0,0;0,0,0,0,0;1,1,0,0,0;0,0,0,0,0;1,0,0,0,1;1,0,1,0,0;
 [i1_from_nd-A22s-43/]
i:55,50,0,0,0;0,0,0,0,0;1,1,0,0,0;0,0,0,0,0;1,0,1,0,0;1,0,0,0,1;
 [nd-A22s-43m/]
f:1,0,1,0,0;1,0,1,0,0;0,0,0,0,0;1,1,0,0,0;52,48,0,0,4;3,2,0,0,1;
 [s0_from_nd-A22s-43m/]
s:1,0,1,0,0;1,0,1,0,0;0,0,0,0,0;1,0,0,0,1;52,48,0,0,0;3,2,0,0,0;
 [s1_from_nd-A22s-43m/]
s:1,0,1,0,0;1,0,1,0,0;0,0,0,0,0;1,1,0,0,0;52,32,0,0,16;3,2,0,0,0;
 [s2_from_nd-A22s-43m/]
s:1,0,1,0,0;1,0,1,0,0;0,0,0,0,0;1,1,0,0,0;52,16,0,0,32;3,2,0,0,0;
 [s3_from_nd-A22s-43m/]
s:1,0,1,0,0;1,0,1,0,0;0,0,0,0,0;1,1,0,0,0;52,48,0,0,0;3,0,0,0,2;
 [i0_from_nd-A22s-43m/]
i:1,0,0,0,1;1,0,1,0,0;0,0,0,0,0;1,1,0,0,0;52,48,0,0,0;3,2,0,0,0;
 [i1_from_nd-A22s-43m/]
i:1,0,1,0,0;1,0,0,0,1;0,0,0,0,0;1,1,0,0,0;52,48,0,0,0;3,2,0,0,0;
 [nd-A22o-44/]
f:23,20,0,0,3;0,0,0,0,0;1,1,0,0,0;0,0,0,0,0;1,0,1,0,0;33,0,33,0,0;
 [s0_from_nd-A22o-44/]
s:23,16,0,0,4;0,0,0,0,0;1,1,0,0,0;0,0,0,0,0;1,0,1,0,0;33,0,33,0,0;
 [s1_from_nd-A22o-44/]
s:23,4,0,0,16;0,0,0,0,0;1,1,0,0,0;0,0,0,0,0;1,0,1,0,0;33,0,33,0,0;
 [s2_from_nd-A22o-44/]
s:23,20,0,0,0;0,0,0,0,0;1,0,0,0,1;0,0,0,0,0;1,0,1,0,0;33,0,33,0,0;
 [i0_from_nd-A22o-44/]
i:23,20,0,0,0;0,0,0,0,0;1,1,0,0,0;0,0,0,0,0;1,0,0,0,1;33,0,33,0,0;
 [i1_from_nd-A22o-44/]
i:23,20,0,0,0;0,0,0,0,0;1,1,0,0,0;0,0,0,0,0;1,0,1,0,0;33,0,32,0,1;
 [i2_from_nd-A22o-44/]
i:23,20,0,0,0;0,0,0,0,0;1,1,0,0,0;0,0,0,0,0;1,0,1,0,0;33,0,1,0,32;
 [nd-A22o-44m/]
f:1,0,1,0,0;1,0,1,0,0;0,0,0,0,0;1,1,0,0,0;36,36,0,0,0;19,0,16,0,3;
 [s0_from_nd-A22o-44m/]
s:1,0,1,0,0;1,0,1,0,0;0,0,0,0,0;1,0,0,0,1;36,36,0,0,0;19,0,16,0,0;
 [s1_from_nd-A22o-44m/]
s:1,0,1,0,0;1,0,1,0,0;0,0,0,0,0;1,1,0,0,0;36,32,0,0,4;19,0,16,0,0;
 [s2_from_nd-A22o-44m/]
s:1,0,1,0,0;1,0,1,0,0;0,0,0,0,0;1,1,0,0,0;36,4,0,0,32;19,0,16,0,0;
 [i0_from_nd-A22o-44m/]
i:1,0,0,0,1;1,0,1,0,0;0,0,0,0,0;1,1,0,0,0;36,36,0,0,0;19,0,16,0,0;
 [i1_from_nd-A22o-44m/]
i:1,0,1,0,0;1,0,0,0,1;0,0,0,0,0;1,1,0,0,0;36,36,0,0,0;19,0,16,0,0;
 [i2_from_nd-A22o-44m/]
i:1,0,1,0,0;1,0,1,0,0;0,0,0,0,0;1,1,0,0,0;36,36,0,0,0;19,0,0,0,16;
 [nd-A22s-44/]
f:23,18,0,0,5;2,0,2,0,0;1,1,0,0,0;0,0,0,0,0;1,0,1,0,0;1,0,1,0,0;
 [s0_from_nd-A22s-44/]
s:23,16,0,0,2;2,0,2,0,0;1,1,0,0,0;0,0,0,0,0;1,0,1,0,0;1,0,1,0,0;
 [s1_from_nd-A22s-44/]
s:23,2,0,0,16;2,0,2,0,0;1,1,0,0,0;0,0,0,0,0;1,0,1,0,0;1,0,1,0,0;
 [s2_from_nd-A22s-44/]
s:23,18,0,0,0;2,0,2,0,0;1,0,0,0,1;0,0,0,0,0;1,0,1,0,0;1,0,1,0,0;
 [i0_from_nd-A22s-44/]
i:23,18,0,0,0;2,0,0,0,2;1,1,0,0,0;0,0,0,0,0;1,0,1,0,0;1,0,1,0,0;
 [i1_from_nd-A22s-44/]
i:23,18,0,0,0;2,0,2,0,0;1,1,0,0,0;0,0,0,0,0;1,0,0,0,1;1,0,1,0,0;
 [i2_from_nd-A22s-44/]
i:23,18,0,0,0;2,0,2,0,0;1,1,0,0,0;0,0,0,0,0;1,0,1,0,0;1,0,0,0,1;
 [nd-A22s-44m/]
f:1,0,1,0,0;1,0,1,0,0;0,0,0,0,0;1,1,0,0,0;38,32,2,0,4;3,2,0,0,1;
 [s0_from_nd-A22s-44m/]
s:1,0,1,0,0;1,0,1,0,0;0,0,0,0,0;1,0,0,0,1;38,32,2,0,0;3,2,0,0,0;
 [s1_from_nd-A22s-44m/]
s:1,0,1,0,0;1,0,1,0,0;0,0,0,0,0;1,1,0,0,0;38,0,2,0,32;3,2,0,0,0;
 [s2_from_nd-A22s-44m/]
s:1,0,1,0,0;1,0,1,0,0;0,0,0,0,0;1,1,0,0,0;38,32,2,0,0;3,0,0,0,2;
 [i0_from_nd-A22s-44m/]
i:1,0,0,0,1;1,0,1,0,0;0,0,0,0,0;1,1,0,0,0;38,32,2,0,0;3,2,0,0,0;
 [i1_from_nd-A22s-44m/]
i:1,0,1,0,0;1,0,0,0,1;0,0,0,0,0;1,1,0,0,0;38,32,2,0,0;3,2,0,0,0;
 [i2_from_nd-A22s-44m/]
i:1,0,1,0,0;1,0,1,0,0;0,0,0,0,0;1,1,0,0,0;38,32,0,0,2;3,2,0,0,0;
 [nd-A22o-45/]
f:15,4,8,0,3;0,0,0,0,0;1,1,0,0,0;0,0,0,0,0;1,0,1,0,0;33,0,33,0,0;
 [s0_from_nd-A22o-45/]
s:15,0,8,0,4;0,0,0,0,0;1,1,0,0,0;0,0,0,0,0;1,0,1,0,0;33,0,33,0,0;
 [s1_from_nd-A22o-45/]
s:15,4,8,0,0;0,0,0,0,0;1,0,0,0,1;0,0,0,0,0;1,0,1,0,0;33,0,33,0,0;
 [i0_from_nd-A22o-45/]
i:15,4,0,0,8;0,0,0,0,0;1,1,0,0,0;0,0,0,0,0;1,0,1,0,0;33,0,33,0,0;
 [i1_from_nd-A22o-45/]
i:15,4,8,0,0;0,0,0,0,0;1,1,0,0,0;0,0,0,0,0;1,0,0,0,1;33,0,33,0,0;
 [i2_from_nd-A22o-45/]
i:15,4,8,0,0;0,0,0,0,0;1,1,0,0,0;0,0,0,0,0;1,0,1,0,0;33,0,32,0,1;
 [i3_from_nd-A22o-45/]
i:15,4,8,0,0;0,0,0,0,0;1,1,0,0,0;0,0,0,0,0;1,0,1,0,0;33,0,1,0,32;
 [nd-A22o-45m/]
f:1,0,1,0,0;1,0,1,0,0;0,0,0,0,0;1,1,0,0,0;4,4,0,0,0;27,0,24,0,3;
 [s0_from_nd-A22o-45m/]
s:1,0,1,0,0;1,0,1,0,0;0,0,0,0,0;1,0,0,0,1;4,4,0,0,0;27,0,24,0,0;
 [s1_from_nd-A22o-45m/]
s:1,0,1,0,0;1,0,1,0,0;0,0,0,0,0;1,1,0,0,0;4,0,0,0,4;27,0,24,0,0;
 [i0_from_nd-A22o-45m/]
i:1,0,0,0,1;1,0,1,0,0;0,0,0,0,0;1,1,0,0,0;4,4,0,0,0;27,0,24,0,0;
 [i1_from_nd-A22o-45m/]
i:1,0,1,0,0;1,0,0,0,1;0,0,0,0,0;1,1,0,0,0;4,4,0,0,0;27,0,24,0,0;
 [i2_from_nd-A22o-45m/]
i:1,0,1,0,0;1,0,1,0,0;0,0,0,0,0;1,1,0,0,0;4,4,0,0,0;27,0,16,0,8;
 [i3_from_nd-A22o-45m/]
i:1,0,1,0,0;1,0,1,0,0;0,0,0,0,0;1,1,0,0,0;4,4,0,0,0;27,0,8,0,16;
 [nd-A22s-45/]
f:39,2,32,0,5;2,0,2,0,0;1,1,0,0,0;0,0,0,0,0;1,0,1,0,0;1,0,1,0,0;
 [s0_from_nd-A22s-45/]
s:39,0,32,0,2;2,0,2,0,0;1,1,0,0,0;0,0,0,0,0;1,0,1,0,0;1,0,1,0,0;
 [s1_from_nd-A22s-45/]
s:39,2,32,0,0;2,0,2,0,0;1,0,0,0,1;0,0,0,0,0;1,0,1,0,0;1,0,1,0,0;
 [i0_from_nd-A22s-45/]
i:39,2,0,0,32;2,0,2,0,0;1,1,0,0,0;0,0,0,0,0;1,0,1,0,0;1,0,1,0,0;
 [i1_from_nd-A22s-45/]
i:39,2,32,0,0;2,0,0,0,2;1,1,0,0,0;0,0,0,0,0;1,0,1,0,0;1,0,1,0,0;
 [i2_from_nd-A22s-45/]
i:39,2,32,0,0;2,0,2,0,0;1,1,0,0,0;0,0,0,0,0;1,0,0,0,1;1,0,1,0,0;
 [i3_from_nd-A22s-45/]
i:39,2,32,0,0;2,0,2,0,0;1,1,0,0,0;0,0,0,0,0;1,0,1,0,0;1,0,0,0,1;
 [nd-A22s-45m/]
f:1,0,1,0,0;1,0,1,0,0;0,0,0,0,0;1,1,0,0,0;22,0,18,0,4;3,2,0,0,1;
 [s0_from_nd-A22s-45m/]
s:1,0,1,0,0;1,0,1,0,0;0,0,0,0,0;1,0,0,0,1;22,0,18,0,0;3,2,0,0,0;
 [s1_from_nd-A22s-45m/]
s:1,0,1,0,0;1,0,1,0,0;0,0,0,0,0;1,1,0,0,0;22,0,18,0,0;3,0,0,0,2;
 [i0_from_nd-A22s-45m/]
i:1,0,0,0,1;1,0,1,0,0;0,0,0,0,0;1,1,0,0,0;22,0,18,0,0;3,2,0,0,0;
 [i1_from_nd-A22s-45m/]
i:1,0,1,0,0;1,0,0,0,1;0,0,0,0,0;1,1,0,0,0;22,0,18,0,0;3,2,0,0,0;
 [i2_from_nd-A22s-45m/]
i:1,0,1,0,0;1,0,1,0,0;0,0,0,0,0;1,1,0,0,0;22,0,16,0,2;3,2,0,0,0;
 [i3_from_nd-A22s-45m/]
i:1,0,1,0,0;1,0,1,0,0;0,0,0,0,0;1,1,0,0,0;22,0,2,0,16;3,2,0,0,0;
 [nd-A22x-50/]
f:7,6,0,1,0;0,0,0,0,0;1,1,0,0,0;1,1,0,0,0;0,0,0,0,0;1,0,1,0,0;
 [s0_from_nd-A22x-50/]
s:7,4,0,1,2;0,0,0,0,0;1,1,0,0,0;1,1,0,0,0;0,0,0,0,0;1,0,1,0,0;
 [s1_from_nd-A22x-50/]
s:7,2,0,1,4;0,0,0,0,0;1,1,0,0,0;1,1,0,0,0;0,0,0,0,0;1,0,1,0,0;
 [s2_from_nd-A22x-50/]
s:7,6,0,1,0;0,0,0,0,0;1,0,0,0,1;1,1,0,0,0;0,0,0,0,0;1,0,1,0,0;
 [s3_from_nd-A22x-50/]
s:7,6,0,1,0;0,0,0,0,0;1,1,0,0,0;1,0,0,0,1;0,0,0,0,0;1,0,1,0,0;
 [i0_from_nd-A22x-50/]
i:7,6,0,1,0;0,0,0,0,0;1,1,0,0,0;1,1,0,0,0;0,0,0,0,0;1,0,0,0,1;
 [nd-A22o-53/]
f:31,28,0,0,3;0,0,0,0,0;1,1,0,0,0;1,1,0,0,0;0,0,0,0,0;1,0,1,0,0;
 [s0_from_nd-A22o-53/]
s:31,24,0,0,4;0,0,0,0,0;1,1,0,0,0;1,1,0,0,0;0,0,0,0,0;1,0,1,0,0;
 [s1_from_nd-A22o-53/]
s:31,20,0,0,8;0,0,0,0,0;1,1,0,0,0;1,1,0,0,0;0,0,0,0,0;1,0,1,0,0;
 [s2_from_nd-A22o-53/]
s:31,12,0,0,16;0,0,0,0,0;1,1,0,0,0;1,1,0,0,0;0,0,0,0,0;1,0,1,0,0;
 [s3_from_nd-A22o-53/]
s:31,28,0,0,0;0,0,0,0,0;1,0,0,0,1;1,1,0,0,0;0,0,0,0,0;1,0,1,0,0;
 [s4_from_nd-A22o-53/]
s:31,28,0,0,0;0,0,0,0,0;1,1,0,0,0;1,0,0,0,1;0,0,0,0,0;1,0,1,0,0;
 [i0_from_nd-A22o-53/]
i:31,28,0,0,0;0,0,0,0,0;1,1,0,0,0;1,1,0,0,0;0,0,0,0,0;1,0,0,0,1;
 [nd-A22o-53m/]
f:1,0,1,0,0;0,0,0,0,0;1,1,0,0,0;1,1,0,0,0;36,36,0,0,0;11,8,0,0,3;
 [s0_from_nd-A22o-53m/]
s:1,0,1,0,0;0,0,0,0,0;1,0,0,0,1;1,1,0,0,0;36,36,0,0,0;11,8,0,0,0;
 [s1_from_nd-A22o-53m/]
s:1,0,1,0,0;0,0,0,0,0;1,1,0,0,0;1,0,0,0,1;36,36,0,0,0;11,8,0,0,0;
 [s2_from_nd-A22o-53m/]
s:1,0,1,0,0;0,0,0,0,0;1,1,0,0,0;1,1,0,0,0;36,32,0,0,4;11,8,0,0,0;
 [s3_from_nd-A22o-53m/]
s:1,0,1,0,0;0,0,0,0,0;1,1,0,0,0;1,1,0,0,0;36,4,0,0,32;11,8,0,0,0;
 [s4_from_nd-A22o-53m/]
s:1,0,1,0,0;0,0,0,0,0;1,1,0,0,0;1,1,0,0,0;36,36,0,0,0;11,0,0,0,8;
 [i0_from_nd-A22o-53m/]
i:1,0,0,0,1;0,0,0,0,0;1,1,0,0,0;1,1,0,0,0;36,36,0,0,0;11,8,0,0,0;
 [nd-A22s-53/]
f:55,50,0,0,5;0,0,0,0,0;1,1,0,0,0;1,1,0,0,0;0,0,0,0,0;1,0,1,0,0;
 [s0_from_nd-A22s-53/]
s:55,48,0,0,2;0,0,0,0,0;1,1,0,0,0;1,1,0,0,0;0,0,0,0,0;1,0,1,0,0;
 [s1_from_nd-A22s-53/]
s:55,34,0,0,16;0,0,0,0,0;1,1,0,0,0;1,1,0,0,0;0,0,0,0,0;1,0,1,0,0;
 [s2_from_nd-A22s-53/]
s:55,18,0,0,32;0,0,0,0,0;1,1,0,0,0;1,1,0,0,0;0,0,0,0,0;1,0,1,0,0;
 [s3_from_nd-A22s-53/]
s:55,50,0,0,0;0,0,0,0,0;1,0,0,0,1;1,1,0,0,0;0,0,0,0,0;1,0,1,0,0;
 [s4_from_nd-A22s-53/]
s:55,50,0,0,0;0,0,0,0,0;1,1,0,0,0;1,0,0,0,1;0,0,0,0,0;1,0,1,0,0;
 [i0_from_nd-A22s-53/]
i:55,50,0,0,0;0,0,0,0,0;1,1,0,0,0;1,1,0,0,0;0,0,0,0,0;1,0,0,0,1;
 [nd-A22s-53m/]
f:1,0,1,0,0;0,0,0,0,0;1,1,0,0,0;1,1,0,0,0;52,48,0,0,4;3,2,0,0,1;
 [s0_from_nd-A22s-53m/]
s:1,0,1,0,0;0,0,0,0,0;1,0,0,0,1;1,1,0,0,0;52,48,0,0,0;3,2,0,0,0;
 [s1_from_nd-A22s-53m/]
s:1,0,1,0,0;0,0,0,0,0;1,1,0,0,0;1,0,0,0,1;52,48,0,0,0;3,2,0,0,0;
 [s2_from_nd-A22s-53m/]
s:1,0,1,0,0;0,0,0,0,0;1,1,0,0,0;1,1,0,0,0;52,32,0,0,16;3,2,0,0,0;
 [s3_from_nd-A22s-53m/]
s:1,0,1,0,0;0,0,0,0,0;1,1,0,0,0;1,1,0,0,0;52,16,0,0,32;3,2,0,0,0;
 [s4_from_nd-A22s-53m/]
s:1,0,1,0,0;0,0,0,0,0;1,1,0,0,0;1,1,0,0,0;52,48,0,0,0;3,0,0,0,2;
 [i0_from_nd-A22s-53m/]
i:1,0,0,0,1;0,0,0,0,0;1,1,0,0,0;1,1,0,0,0;52,48,0,0,0;3,2,0,0,0;
 [nd-A22o-54/]
f:23,20,0,0,3;0,0,0,0,0;1,1,0,0,0;1,1,0,0,0;0,0,0,0,0;33,0,33,0,0;
 [s0_from_nd-A22o-54/]
s:23,16,0,0,4;0,0,0,0,0;1,1,0,0,0;1,1,0,0,0;0,0,0,0,0;33,0,33,0,0;
 [s1_from_nd-A22o-54/]
s:23,4,0,0,16;0,0,0,0,0;1,1,0,0,0;1,1,0,0,0;0,0,0,0,0;33,0,33,0,0;
 [s2_from_nd-A22o-54/]
s:23,20,0,0,0;0,0,0,0,0;1,0,0,0,1;1,1,0,0,0;0,0,0,0,0;33,0,33,0,0;
 [s3_from_nd-A22o-54/]
s:23,20,0,0,0;0,0,0,0,0;1,1,0,0,0;1,0,0,0,1;0,0,0,0,0;33,0,33,0,0;
 [i0_from_nd-A22o-54/]
i:23,20,0,0,0;0,0,0,0,0;1,1,0,0,0;1,1,0,0,0;0,0,0,0,0;33,0,32,0,1;
 [i1_from_nd-A22o-54/]
i:23,20,0,0,0;0,0,0,0,0;1,1,0,0,0;1,1,0,0,0;0,0,0,0,0;33,0,1,0,32;
 [nd-A22o-54m/]
f:1,0,1,0,0;0,0,0,0,0;1,1,0,0,0;1,1,0,0,0;36,36,0,0,0;19,0,16,0,3;
 [s0_from_nd-A22o-54m/]
s:1,0,1,0,0;0,0,0,0,0;1,0,0,0,1;1,1,0,0,0;36,36,0,0,0;19,0,16,0,0;
 [s1_from_nd-A22o-54m/]
s:1,0,1,0,0;0,0,0,0,0;1,1,0,0,0;1,0,0,0,1;36,36,0,0,0;19,0,16,0,0;
 [s2_from_nd-A22o-54m/]
s:1,0,1,0,0;0,0,0,0,0;1,1,0,0,0;1,1,0,0,0;36,32,0,0,4;19,0,16,0,0;
 [s3_from_nd-A22o-54m/]
s:1,0,1,0,0;0,0,0,0,0;1,1,0,0,0;1,1,0,0,0;36,4,0,0,32;19,0,16,0,0;
 [i0_from_nd-A22o-54m/]
i:1,0,0,0,1;0,0,0,0,0;1,1,0,0,0;1,1,0,0,0;36,36,0,0,0;19,0,16,0,0;
 [i1_from_nd-A22o-54m/]
i:1,0,1,0,0;0,0,0,0,0;1,1,0,0,0;1,1,0,0,0;36,36,0,0,0;19,0,0,0,16;
 [nd-A22s-54/]
f:23,18,0,0,5;2,0,2,0,0;1,1,0,0,0;1,1,0,0,0;0,0,0,0,0;1,0,1,0,0;
 [s0_from_nd-A22s-54/]
s:23,16,0,0,2;2,0,2,0,0;1,1,0,0,0;1,1,0,0,0;0,0,0,0,0;1,0,1,0,0;
 [s1_from_nd-A22s-54/]
s:23,2,0,0,16;2,0,2,0,0;1,1,0,0,0;1,1,0,0,0;0,0,0,0,0;1,0,1,0,0;
 [s2_from_nd-A22s-54/]
s:23,18,0,0,0;2,0,2,0,0;1,0,0,0,1;1,1,0,0,0;0,0,0,0,0;1,0,1,0,0;
 [s3_from_nd-A22s-54/]
s:23,18,0,0,0;2,0,2,0,0;1,1,0,0,0;1,0,0,0,1;0,0,0,0,0;1,0,1,0,0;
 [i0_from_nd-A22s-54/]
i:23,18,0,0,0;2,0,0,0,2;1,1,0,0,0;1,1,0,0,0;0,0,0,0,0;1,0,1,0,0;
 [i1_from_nd-A22s-54/]
i:23,18,0,0,0;2,0,2,0,0;1,1,0,0,0;1,1,0,0,0;0,0,0,0,0;1,0,0,0,1;
 [nd-A22s-54m/]
f:1,0,1,0,0;0,0,0,0,0;1,1,0,0,0;1,1,0,0,0;38,32,2,0,4;3,2,0,0,1;
 [s0_from_nd-A22s-54m/]
s:1,0,1,0,0;0,0,0,0,0;1,0,0,0,1;1,1,0,0,0;38,32,2,0,0;3,2,0,0,0;
 [s1_from_nd-A22s-54m/]
s:1,0,1,0,0;0,0,0,0,0;1,1,0,0,0;1,0,0,0,1;38,32,2,0,0;3,2,0,0,0;
 [s2_from_nd-A22s-54m/]
s:1,0,1,0,0;0,0,0,0,0;1,1,0,0,0;1,1,0,0,0;38,0,2,0,32;3,2,0,0,0;
 [s3_from_nd-A22s-54m/]
s:1,0,1,0,0;0,0,0,0,0;1,1,0,0,0;1,1,0,0,0;38,32,2,0,0;3,0,0,0,2;
 [i0_from_nd-A22s-54m/]
i:1,0,0,0,1;0,0,0,0,0;1,1,0,0,0;1,1,0,0,0;38,32,2,0,0;3,2,0,0,0;
 [i1_from_nd-A22s-54m/]
i:1,0,1,0,0;0,0,0,0,0;1,1,0,0,0;1,1,0,0,0;38,32,0,0,2;3,2,0,0,0;
 [nd-A22o-55/]
f:15,4,8,0,3;0,0,0,0,0;1,1,0,0,0;1,1,0,0,0;0,0,0,0,0;33,0,33,0,0;
 [s0_from_nd-A22o-55/]
s:15,0,8,0,4;0,0,0,0,0;1,1,0,0,0;1,1,0,0,0;0,0,0,0,0;33,0,33,0,0;
 [s1_from_nd-A22o-55/]
s:15,4,8,0,0;0,0,0,0,0;1,0,0,0,1;1,1,0,0,0;0,0,0,0,0;33,0,33,0,0;
 [s2_from_nd-A22o-55/]
s:15,4,8,0,0;0,0,0,0,0;1,1,0,0,0;1,0,0,0,1;0,0,0,0,0;33,0,33,0,0;
 [i0_from_nd-A22o-55/]
i:15,4,0,0,8;0,0,0,0,0;1,1,0,0,0;1,1,0,0,0;0,0,0,0,0;33,0,33,0,0;
 [i1_from_nd-A22o-55/]
i:15,4,8,0,0;0,0,0,0,0;1,1,0,0,0;1,1,0,0,0;0,0,0,0,0;33,0,32,0,1;
 [i2_from_nd-A22o-55/]
i:15,4,8,0,0;0,0,0,0,0;1,1,0,0,0;1,1,0,0,0;0,0,0,0,0;33,0,1,0,32;
 [nd-A22o-55m/]
f:1,0,1,0,0;0,0,0,0,0;1,1,0,0,0;1,1,0,0,0;4,4,0,0,0;27,0,24,0,3;
 [s0_from_nd-A22o-55m/]
s:1,0,1,0,0;0,0,0,0,0;1,0,0,0,1;1,1,0,0,0;4,4,0,0,0;27,0,24,0,0;
 [s1_from_nd-A22o-55m/]
s:1,0,1,0,0;0,0,0,0,0;1,1,0,0,0;1,0,0,0,1;4,4,0,0,0;27,0,24,0,0;
 [s2_from_nd-A22o-55m/]
s:1,0,1,0,0;0,0,0,0,0;1,1,0,0,0;1,1,0,0,0;4,0,0,0,4;27,0,24,0,0;
 [i0_from_nd-A22o-55m/]
i:1,0,0,0,1;0,0,0,0,0;1,1,0,0,0;1,1,0,0,0;4,4,0,0,0;27,0,24,0,0;
 [i1_from_nd-A22o-55m/]
i:1,0,1,0,0;0,0,0,0,0;1,1,0,0,0;1,1,0,0,0;4,4,0,0,0;27,0,16,0,8;
 [i2_from_nd-A22o-55m/]
i:1,0,1,0,0;0,0,0,0,0;1,1,0,0,0;1,1,0,0,0;4,4,0,0,0;27,0,8,0,16;
 [nd-A22s-55/]
f:39,2,32,0,5;2,0,2,0,0;1,1,0,0,0;1,1,0,0,0;0,0,0,0,0;1,0,1,0,0;
 [s0_from_nd-A22s-55/]
s:39,0,32,0,2;2,0,2,0,0;1,1,0,0,0;1,1,0,0,0;0,0,0,0,0;1,0,1,0,0;
 [s1_from_nd-A22s-55/]
s:39,2,32,0,0;2,0,2,0,0;1,0,0,0,1;1,1,0,0,0;0,0,0,0,0;1,0,1,0,0;
 [s2_from_nd-A22s-55/]
s:39,2,32,0,0;2,0,2,0,0;1,1,0,0,0;1,0,0,0,1;0,0,0,0,0;1,0,1,0,0;
 [i0_from_nd-A22s-55/]
i:39,2,0,0,32;2,0,2,0,0;1,1,0,0,0;1,1,0,0,0;0,0,0,0,0;1,0,1,0,0;
 [i1_from_nd-A22s-55/]
i:39,2,32,0,0;2,0,0,0,2;1,1,0,0,0;1,1,0,0,0;0,0,0,0,0;1,0,1,0,0;
 [i2_from_nd-A22s-55/]
i:39,2,32,0,0;2,0,2,0,0;1,1,0,0,0;1,1,0,0,0;0,0,0,0,0;1,0,0,0,1;
 [nd-A22s-55m/]
f:1,0,1,0,0;0,0,0,0,0;1,1,0,0,0;1,1,0,0,0;22,0,18,0,4;3,2,0,0,1;
 [s0_from_nd-A22s-55m/]
s:1,0,1,0,0;0,0,0,0,0;1,0,0,0,1;1,1,0,0,0;22,0,18,0,0;3,2,0,0,0;
 [s1_from_nd-A22s-55m/]
s:1,0,1,0,0;0,0,0,0,0;1,1,0,0,0;1,0,0,0,1;22,0,18,0,0;3,2,0,0,0;
 [s2_from_nd-A22s-55m/]
s:1,0,1,0,0;0,0,0,0,0;1,1,0,0,0;1,1,0,0,0;22,0,18,0,0;3,0,0,0,2;
 [i0_from_nd-A22s-55m/]
i:1,0,0,0,1;0,0,0,0,0;1,1,0,0,0;1,1,0,0,0;22,0,18,0,0;3,2,0,0,0;
 [i1_from_nd-A22s-55m/]
i:1,0,1,0,0;0,0,0,0,0;1,1,0,0,0;1,1,0,0,0;22,0,16,0,2;3,2,0,0,0;
 [i2_from_nd-A22s-55m/]
i:1,0,1,0,0;0,0,0,0,0;1,1,0,0,0;1,1,0,0,0;22,0,2,0,16;3,2,0,0,0;
 [nd-A23-31A/]
f:23,20,0,0,3;0,0,0,0,0;0,0,0,0,0;1,0,1,0,0;1,0,1,0,0;5,4,1,0,0;
 [s0_from_nd-A23-31A/]
s:23,16,0,0,4;0,0,0,0,0;0,0,0,0,0;1,0,1,0,0;1,0,1,0,0;5,4,1,0,0;
 [s1_from_nd-A23-31A/]
s:23,4,0,0,16;0,0,0,0,0;0,0,0,0,0;1,0,1,0,0;1,0,1,0,0;5,4,1,0,0;
 [s2_from_nd-A23-31A/]
s:23,20,0,0,0;0,0,0,0,0;0,0,0,0,0;1,0,1,0,0;1,0,1,0,0;5,0,1,0,4;
 [i0_from_nd-A23-31A/]
i:23,20,0,0,0;0,0,0,0,0;0,0,0,0,0;1,0,0,0,1;1,0,1,0,0;5,4,1,0,0;
 [i1_from_nd-A23-31A/]
i:23,20,0,0,0;0,0,0,0,0;0,0,0,0,0;1,0,1,0,0;1,0,0,0,1;5,4,1,0,0;
 [i2_from_nd-A23-31A/]
i:23,20,0,0,0;0,0,0,0,0;0,0,0,0,0;1,0,1,0,0;1,0,1,0,0;5,4,0,0,1;
 [nd-A23-31Am/]
f:1,0,1,0,0;1,0,1,0,0;1,0,1,0,0;0,0,0,0,0;36,36,0,0,0;7,4,0,0,3;
 [s0_from_nd-A23-31Am/]
s:1,0,1,0,0;1,0,1,0,0;1,0,1,0,0;0,0,0,0,0;36,32,0,0,4;7,4,0,0,0;
 [s1_from_nd-A23-31Am/]
s:1,0,1,0,0;1,0,1,0,0;1,0,1,0,0;0,0,0,0,0;36,4,0,0,32;7,4,0,0,0;
 [s2_from_nd-A23-31Am/]
s:1,0,1,0,0;1,0,1,0,0;1,0,1,0,0;0,0,0,0,0;36,36,0,0,0;7,0,0,0,4;
 [i0_from_nd-A23-31Am/]
i:1,0,0,0,1;1,0,1,0,0;1,0,1,0,0;0,0,0,0,0;36,36,0,0,0;7,4,0,0,0;
 [i1_from_nd-A23-31Am/]
i:1,0,1,0,0;1,0,0,0,1;1,0,1,0,0;0,0,0,0,0;36,36,0,0,0;7,4,0,0,0;
 [i2_from_nd-A23-31Am/]
i:1,0,1,0,0;1,0,1,0,0;1,0,0,0,1;0,0,0,0,0;36,36,0,0,0;7,4,0,0,0;
 [nd-A23-31B/]
f:7,4,0,0,3;0,0,0,0,0;0,0,0,0,0;1,0,1,0,0;1,0,1,0,0;37,36,1,0,0;
 [s0_from_nd-A23-31B/]
s:7,0,0,0,4;0,0,0,0,0;0,0,0,0,0;1,0,1,0,0;1,0,1,0,0;37,36,1,0,0;
 [s1_from_nd-A23-31B/]
s:7,4,0,0,0;0,0,0,0,0;0,0,0,0,0;1,0,1,0,0;1,0,1,0,0;37,32,1,0,4;
 [s2_from_nd-A23-31B/]
s:7,4,0,0,0;0,0,0,0,0;0,0,0,0,0;1,0,1,0,0;1,0,1,0,0;37,4,1,0,32;
 [i0_from_nd-A23-31B/]
i:7,4,0,0,0;0,0,0,0,0;0,0,0,0,0;1,0,0,0,1;1,0,1,0,0;37,36,1,0,0;
 [i1_from_nd-A23-31B/]
i:7,4,0,0,0;0,0,0,0,0;0,0,0,0,0;1,0,1,0,0;1,0,0,0,1;37,36,1,0,0;
 [i2_from_nd-A23-31B/]
i:7,4,0,0,0;0,0,0,0,0;0,0,0,0,0;1,0,1,0,0;1,0,1,0,0;37,36,0,0,1;
 [nd-A23-31Bm/]
f:1,0,1,0,0;1,0,1,0,0;1,0,1,0,0;0,0,0,0,0;4,4,0,0,0;23,20,0,0,3;
 [s0_from_nd-A23-31Bm/]
s:1,0,1,0,0;1,0,1,0,0;1,0,1,0,0;0,0,0,0,0;4,0,0,0,4;23,20,0,0,0;
 [s1_from_nd-A23-31Bm/]
s:1,0,1,0,0;1,0,1,0,0;1,0,1,0,0;0,0,0,0,0;4,4,0,0,0;23,16,0,0,4;
 [s2_from_nd-A23-31Bm/]
s:1,0,1,0,0;1,0,1,0,0;1,0,1,0,0;0,0,0,0,0;4,4,0,0,0;23,4,0,0,16;
 [i0_from_nd-A23-31Bm/]
i:1,0,0,0,1;1,0,1,0,0;1,0,1,0,0;0,0,0,0,0;4,4,0,0,0;23,20,0,0,0;
 [i1_from_nd-A23-31Bm/]
i:1,0,1,0,0;1,0,0,0,1;1,0,1,0,0;0,0,0,0,0;4,4,0,0,0;23,20,0,0,0;
 [i2_from_nd-A23-31Bm/]
i:1,0,1,0,0;1,0,1,0,0;1,0,0,0,1;0,0,0,0,0;4,4,0,0,0;23,20,0,0,0;
 [nd-A23-32/]
f:15,4,8,0,3;0,0,0,0,0;0,0,0,0,0;1,0,1,0,0;1,0,1,0,0;5,4,1,0,0;
 [s0_from_nd-A23-32/]
s:15,0,8,0,4;0,0,0,0,0;0,0,0,0,0;1,0,1,0,0;1,0,1,0,0;5,4,1,0,0;
 [s1_from_nd-A23-32/]
s:15,4,8,0,0;0,0,0,0,0;0,0,0,0,0;1,0,1,0,0;1,0,1,0,0;5,0,1,0,4;
 [i0_from_nd-A23-32/]
i:15,4,0,0,8;0,0,0,0,0;0,0,0,0,0;1,0,1,0,0;1,0,1,0,0;5,4,1,0,0;
 [i1_from_nd-A23-32/]
i:15,4,8,0,0;0,0,0,0,0;0,0,0,0,0;1,0,0,0,1;1,0,1,0,0;5,4,1,0,0;
 [i2_from_nd-A23-32/]
i:15,4,8,0,0;0,0,0,0,0;0,0,0,0,0;1,0,1,0,0;1,0,0,0,1;5,4,1,0,0;
 [i3_from_nd-A23-32/]
i:15,4,8,0,0;0,0,0,0,0;0,0,0,0,0;1,0,1,0,0;1,0,1,0,0;5,4,0,0,1;
 [nd-A23-32m/]
f:1,0,1,0,0;1,0,1,0,0;1,0,1,0,0;0,0,0,0,0;4,4,0,0,0;15,4,8,0,3;
 [s0_from_nd-A23-32m/]
s:1,0,1,0,0;1,0,1,0,0;1,0,1,0,0;0,0,0,0,0;4,0,0,0,4;15,4,8,0,0;
 [s1_from_nd-A23-32m/]
s:1,0,1,0,0;1,0,1,0,0;1,0,1,0,0;0,0,0,0,0;4,4,0,0,0;15,0,8,0,4;
 [i0_from_nd-A23-32m/]
i:1,0,0,0,1;1,0,1,0,0;1,0,1,0,0;0,0,0,0,0;4,4,0,0,0;15,4,8,0,0;
 [i1_from_nd-A23-32m/]
i:1,0,1,0,0;1,0,0,0,1;1,0,1,0,0;0,0,0,0,0;4,4,0,0,0;15,4,8,0,0;
 [i2_from_nd-A23-32m/]
i:1,0,1,0,0;1,0,1,0,0;1,0,0,0,1;0,0,0,0,0;4,4,0,0,0;15,4,8,0,0;
 [i3_from_nd-A23-32m/]
i:1,0,1,0,0;1,0,1,0,0;1,0,1,0,0;0,0,0,0,0;4,4,0,0,0;15,4,0,0,8;
 [nd-A23-41A/]
f:23,20,0,0,3;0,0,0,0,0;1,1,0,0,0;0,0,0,0,0;1,0,1,0,0;5,4,1,0,0;
 [s0_from_nd-A23-41A/]
s:23,16,0,0,4;0,0,0,0,0;1,1,0,0,0;0,0,0,0,0;1,0,1,0,0;5,4,1,0,0;
 [s1_from_nd-A23-41A/]
s:23,4,0,0,16;0,0,0,0,0;1,1,0,0,0;0,0,0,0,0;1,0,1,0,0;5,4,1,0,0;
 [s2_from_nd-A23-41A/]
s:23,20,0,0,0;0,0,0,0,0;1,0,0,0,1;0,0,0,0,0;1,0,1,0,0;5,4,1,0,0;
 [s3_from_nd-A23-41A/]
s:23,20,0,0,0;0,0,0,0,0;1,1,0,0,0;0,0,0,0,0;1,0,1,0,0;5,0,1,0,4;
 [i0_from_nd-A23-41A/]
i:23,20,0,0,0;0,0,0,0,0;1,1,0,0,0;0,0,0,0,0;1,0,0,0,1;5,4,1,0,0;
 [i1_from_nd-A23-41A/]
i:23,20,0,0,0;0,0,0,0,0;1,1,0,0,0;0,0,0,0,0;1,0,1,0,0;5,4,0,0,1;
 [nd-A23-41Am/]
f:1,0,1,0,0;1,0,1,0,0;0,0,0,0,0;1,1,0,0,0;36,36,0,0,0;7,4,0,0,3;
 [s0_from_nd-A23-41Am/]
s:1,0,1,0,0;1,0,1,0,0;0,0,0,0,0;1,0,0,0,1;36,36,0,0,0;7,4,0,0,0;
 [s1_from_nd-A23-41Am/]
s:1,0,1,0,0;1,0,1,0,0;0,0,0,0,0;1,1,0,0,0;36,32,0,0,4;7,4,0,0,0;
 [s2_from_nd-A23-41Am/]
s:1,0,1,0,0;1,0,1,0,0;0,0,0,0,0;1,1,0,0,0;36,4,0,0,32;7,4,0,0,0;
 [s3_from_nd-A23-41Am/]
s:1,0,1,0,0;1,0,1,0,0;0,0,0,0,0;1,1,0,0,0;36,36,0,0,0;7,0,0,0,4;
 [i0_from_nd-A23-41Am/]
i:1,0,0,0,1;1,0,1,0,0;0,0,0,0,0;1,1,0,0,0;36,36,0,0,0;7,4,0,0,0;
 [i1_from_nd-A23-41Am/]
i:1,0,1,0,0;1,0,0,0,1;0,0,0,0,0;1,1,0,0,0;36,36,0,0,0;7,4,0,0,0;
 [nd-A23-41B/]
f:7,4,0,0,3;0,0,0,0,0;1,1,0,0,0;0,0,0,0,0;1,0,1,0,0;37,36,1,0,0;
 [s0_from_nd-A23-41B/]
s:7,0,0,0,4;0,0,0,0,0;1,1,0,0,0;0,0,0,0,0;1,0,1,0,0;37,36,1,0,0;
 [s1_from_nd-A23-41B/]
s:7,4,0,0,0;0,0,0,0,0;1,0,0,0,1;0,0,0,0,0;1,0,1,0,0;37,36,1,0,0;
 [s2_from_nd-A23-41B/]
s:7,4,0,0,0;0,0,0,0,0;1,1,0,0,0;0,0,0,0,0;1,0,1,0,0;37,32,1,0,4;
 [s3_from_nd-A23-41B/]
s:7,4,0,0,0;0,0,0,0,0;1,1,0,0,0;0,0,0,0,0;1,0,1,0,0;37,4,1,0,32;
 [i0_from_nd-A23-41B/]
i:7,4,0,0,0;0,0,0,0,0;1,1,0,0,0;0,0,0,0,0;1,0,0,0,1;37,36,1,0,0;
 [i1_from_nd-A23-41B/]
i:7,4,0,0,0;0,0,0,0,0;1,1,0,0,0;0,0,0,0,0;1,0,1,0,0;37,36,0,0,1;
 [nd-A23-41Bm/]
f:1,0,1,0,0;1,0,1,0,0;0,0,0,0,0;1,1,0,0,0;4,4,0,0,0;23,20,0,0,3;
 [s0_from_nd-A23-41Bm/]
s:1,0,1,0,0;1,0,1,0,0;0,0,0,0,0;1,0,0,0,1;4,4,0,0,0;23,20,0,0,0;
 [s1_from_nd-A23-41Bm/]
s:1,0,1,0,0;1,0,1,0,0;0,0,0,0,0;1,1,0,0,0;4,0,0,0,4;23,20,0,0,0;
 [s2_from_nd-A23-41Bm/]
s:1,0,1,0,0;1,0,1,0,0;0,0,0,0,0;1,1,0,0,0;4,4,0,0,0;23,16,0,0,4;
 [s3_from_nd-A23-41Bm/]
s:1,0,1,0,0;1,0,1,0,0;0,0,0,0,0;1,1,0,0,0;4,4,0,0,0;23,4,0,0,16;
 [i0_from_nd-A23-41Bm/]
i:1,0,0,0,1;1,0,1,0,0;0,0,0,0,0;1,1,0,0,0;4,4,0,0,0;23,20,0,0,0;
 [i1_from_nd-A23-41Bm/]
i:1,0,1,0,0;1,0,0,0,1;0,0,0,0,0;1,1,0,0,0;4,4,0,0,0;23,20,0,0,0;
 [nd-A23-42/]
f:15,4,8,0,3;0,0,0,0,0;1,1,0,0,0;0,0,0,0,0;1,0,1,0,0;5,4,1,0,0;
 [s0_from_nd-A23-42/]
s:15,0,8,0,4;0,0,0,0,0;1,1,0,0,0;0,0,0,0,0;1,0,1,0,0;5,4,1,0,0;
 [s1_from_nd-A23-42/]
s:15,4,8,0,0;0,0,0,0,0;1,0,0,0,1;0,0,0,0,0;1,0,1,0,0;5,4,1,0,0;
 [s2_from_nd-A23-42/]
s:15,4,8,0,0;0,0,0,0,0;1,1,0,0,0;0,0,0,0,0;1,0,1,0,0;5,0,1,0,4;
 [i0_from_nd-A23-42/]
i:15,4,0,0,8;0,0,0,0,0;1,1,0,0,0;0,0,0,0,0;1,0,1,0,0;5,4,1,0,0;
 [i1_from_nd-A23-42/]
i:15,4,8,0,0;0,0,0,0,0;1,1,0,0,0;0,0,0,0,0;1,0,0,0,1;5,4,1,0,0;
 [i2_from_nd-A23-42/]
i:15,4,8,0,0;0,0,0,0,0;1,1,0,0,0;0,0,0,0,0;1,0,1,0,0;5,4,0,0,1;
 [nd-A23-42m/]
f:1,0,1,0,0;1,0,1,0,0;0,0,0,0,0;1,1,0,0,0;4,4,0,0,0;15,4,8,0,3;
 [s0_from_nd-A23-42m/]
s:1,0,1,0,0;1,0,1,0,0;0,0,0,0,0;1,0,0,0,1;4,4,0,0,0;15,4,8,0,0;
 [s1_from_nd-A23-42m/]
s:1,0,1,0,0;1,0,1,0,0;0,0,0,0,0;1,1,0,0,0;4,0,0,0,4;15,4,8,0,0;
 [s2_from_nd-A23-42m/]
s:1,0,1,0,0;1,0,1,0,0;0,0,0,0,0;1,1,0,0,0;4,4,0,0,0;15,0,8,0,4;
 [i0_from_nd-A23-42m/]
i:1,0,0,0,1;1,0,1,0,0;0,0,0,0,0;1,1,0,0,0;4,4,0,0,0;15,4,8,0,0;
 [i1_from_nd-A23-42m/]
i:1,0,1,0,0;1,0,0,0,1;0,0,0,0,0;1,1,0,0,0;4,4,0,0,0;15,4,8,0,0;
 [i2_from_nd-A23-42m/]
i:1,0,1,0,0;1,0,1,0,0;0,0,0,0,0;1,1,0,0,0;4,4,0,0,0;15,4,0,0,8;
 [nd-A23-51A/]
f:23,20,0,0,3;0,0,0,0,0;1,1,0,0,0;1,1,0,0,0;0,0,0,0,0;5,4,1,0,0;
 [s0_from_nd-A23-51A/]
s:23,16,0,0,4;0,0,0,0,0;1,1,0,0,0;1,1,0,0,0;0,0,0,0,0;5,4,1,0,0;
 [s1_from_nd-A23-51A/]
s:23,4,0,0,16;0,0,0,0,0;1,1,0,0,0;1,1,0,0,0;0,0,0,0,0;5,4,1,0,0;
 [s2_from_nd-A23-51A/]
s:23,20,0,0,0;0,0,0,0,0;1,0,0,0,1;1,1,0,0,0;0,0,0,0,0;5,4,1,0,0;
 [s3_from_nd-A23-51A/]
s:23,20,0,0,0;0,0,0,0,0;1,1,0,0,0;1,0,0,0,1;0,0,0,0,0;5,4,1,0,0;
 [s4_from_nd-A23-51A/]
s:23,20,0,0,0;0,0,0,0,0;1,1,0,0,0;1,1,0,0,0;0,0,0,0,0;5,0,1,0,4;
 [i0_from_nd-A23-51A/]
i:23,20,0,0,0;0,0,0,0,0;1,1,0,0,0;1,1,0,0,0;0,0,0,0,0;5,4,0,0,1;
 [nd-A23-51Am/]
f:1,0,1,0,0;0,0,0,0,0;1,1,0,0,0;1,1,0,0,0;36,36,0,0,0;7,4,0,0,3;
 [s0_from_nd-A23-51Am/]
s:1,0,1,0,0;0,0,0,0,0;1,0,0,0,1;1,1,0,0,0;36,36,0,0,0;7,4,0,0,0;
 [s1_from_nd-A23-51Am/]
s:1,0,1,0,0;0,0,0,0,0;1,1,0,0,0;1,0,0,0,1;36,36,0,0,0;7,4,0,0,0;
 [s2_from_nd-A23-51Am/]
s:1,0,1,0,0;0,0,0,0,0;1,1,0,0,0;1,1,0,0,0;36,32,0,0,4;7,4,0,0,0;
 [s3_from_nd-A23-51Am/]
s:1,0,1,0,0;0,0,0,0,0;1,1,0,0,0;1,1,0,0,0;36,4,0,0,32;7,4,0,0,0;
 [s4_from_nd-A23-51Am/]
s:1,0,1,0,0;0,0,0,0,0;1,1,0,0,0;1,1,0,0,0;36,36,0,0,0;7,0,0,0,4;
 [i0_from_nd-A23-51Am/]
i:1,0,0,0,1;0,0,0,0,0;1,1,0,0,0;1,1,0,0,0;36,36,0,0,0;7,4,0,0,0;
 [nd-A23-51B/]
f:7,4,0,0,3;0,0,0,0,0;1,1,0,0,0;1,1,0,0,0;0,0,0,0,0;37,36,1,0,0;
 [s0_from_nd-A23-51B/]
s:7,0,0,0,4;0,0,0,0,0;1,1,0,0,0;1,1,0,0,0;0,0,0,0,0;37,36,1,0,0;
 [s1_from_nd-A23-51B/]
s:7,4,0,0,0;0,0,0,0,0;1,0,0,0,1;1,1,0,0,0;0,0,0,0,0;37,36,1,0,0;
 [s2_from_nd-A23-51B/]
s:7,4,0,0,0;0,0,0,0,0;1,1,0,0,0;1,0,0,0,1;0,0,0,0,0;37,36,1,0,0;
 [s3_from_nd-A23-51B/]
s:7,4,0,0,0;0,0,0,0,0;1,1,0,0,0;1,1,0,0,0;0,0,0,0,0;37,32,1,0,4;
 [s4_from_nd-A23-51B/]
s:7,4,0,0,0;0,0,0,0,0;1,1,0,0,0;1,1,0,0,0;0,0,0,0,0;37,4,1,0,32;
 [i0_from_nd-A23-51B/]
i:7,4,0,0,0;0,0,0,0,0;1,1,0,0,0;1,1,0,0,0;0,0,0,0,0;37,36,0,0,1;
 [nd-A23-51Bm/]
f:1,0,1,0,0;0,0,0,0,0;1,1,0,0,0;1,1,0,0,0;4,4,0,0,0;23,20,0,0,3;
 [s0_from_nd-A23-51Bm/]
s:1,0,1,0,0;0,0,0,0,0;1,0,0,0,1;1,1,0,0,0;4,4,0,0,0;23,20,0,0,0;
 [s1_from_nd-A23-51Bm/]
s:1,0,1,0,0;0,0,0,0,0;1,1,0,0,0;1,0,0,0,1;4,4,0,0,0;23,20,0,0,0;
 [s2_from_nd-A23-51Bm/]
s:1,0,1,0,0;0,0,0,0,0;1,1,0,0,0;1,1,0,0,0;4,0,0,0,4;23,20,0,0,0;
 [s3_from_nd-A23-51Bm/]
s:1,0,1,0,0;0,0,0,0,0;1,1,0,0,0;1,1,0,0,0;4,4,0,0,0;23,16,0,0,4;
 [s4_from_nd-A23-51Bm/]
s:1,0,1,0,0;0,0,0,0,0;1,1,0,0,0;1,1,0,0,0;4,4,0,0,0;23,4,0,0,16;
 [i0_from_nd-A23-51Bm/]
i:1,0,0,0,1;0,0,0,0,0;1,1,0,0,0;1,1,0,0,0;4,4,0,0,0;23,20,0,0,0;
 [nd-A23-52/]
f:15,4,8,0,3;0,0,0,0,0;1,1,0,0,0;1,1,0,0,0;0,0,0,0,0;5,4,1,0,0;
 [s0_from_nd-A23-52/]
s:15,0,8,0,4;0,0,0,0,0;1,1,0,0,0;1,1,0,0,0;0,0,0,0,0;5,4,1,0,0;
 [s1_from_nd-A23-52/]
s:15,4,8,0,0;0,0,0,0,0;1,0,0,0,1;1,1,0,0,0;0,0,0,0,0;5,4,1,0,0;
 [s2_from_nd-A23-52/]
s:15,4,8,0,0;0,0,0,0,0;1,1,0,0,0;1,0,0,0,1;0,0,0,0,0;5,4,1,0,0;
 [s3_from_nd-A23-52/]
s:15,4,8,0,0;0,0,0,0,0;1,1,0,0,0;1,1,0,0,0;0,0,0,0,0;5,0,1,0,4;
 [i0_from_nd-A23-52/]
i:15,4,0,0,8;0,0,0,0,0;1,1,0,0,0;1,1,0,0,0;0,0,0,0,0;5,4,1,0,0;
 [i1_from_nd-A23-52/]
i:15,4,8,0,0;0,0,0,0,0;1,1,0,0,0;1,1,0,0,0;0,0,0,0,0;5,4,0,0,1;
 [nd-A23-52m/]
f:1,0,1,0,0;0,0,0,0,0;1,1,0,0,0;1,1,0,0,0;4,4,0,0,0;15,4,8,0,3;
 [s0_from_nd-A23-52m/]
s:1,0,1,0,0;0,0,0,0,0;1,0,0,0,1;1,1,0,0,0;4,4,0,0,0;15,4,8,0,0;
 [s1_from_nd-A23-52m/]
s:1,0,1,0,0;0,0,0,0,0;1,1,0,0,0;1,0,0,0,1;4,4,0,0,0;15,4,8,0,0;
 [s2_from_nd-A23-52m/]
s:1,0,1,0,0;0,0,0,0,0;1,1,0,0,0;1,1,0,0,0;4,0,0,0,4;15,4,8,0,0;
 [s3_from_nd-A23-52m/]
s:1,0,1,0,0;0,0,0,0,0;1,1,0,0,0;1,1,0,0,0;4,4,0,0,0;15,0,8,0,4;
 [i0_from_nd-A23-52m/]
i:1,0,0,0,1;0,0,0,0,0;1,1,0,0,0;1,1,0,0,0;4,4,0,0,0;15,4,8,0,0;
 [i1_from_nd-A23-52m/]
i:1,0,1,0,0;0,0,0,0,0;1,1,0,0,0;1,1,0,0,0;4,4,0,0,0;15,4,0,0,8;
 [nd-A31c-10/]
f:3,2,0,1,0;1,0,1,0,0;0,0,0,0,0;0,0,0,0,0;1,0,1,0,0;1,0,1,0,0;
 [s0_from_nd-A31c-10/]
s:3,0,0,1,2;1,0,1,0,0;0,0,0,0,0;0,0,0,0,0;1,0,1,0,0;1,0,1,0,0;
 [i0_from_nd-A31c-10/]
i:3,2,0,1,0;1,0,0,0,1;0,0,0,0,0;0,0,0,0,0;1,0,1,0,0;1,0,1,0,0;
 [i1_from_nd-A31c-10/]
i:3,2,0,1,0;1,0,1,0,0;0,0,0,0,0;0,0,0,0,0;1,0,0,0,1;1,0,1,0,0;
 [i2_from_nd-A31c-10/]
i:3,2,0,1,0;1,0,1,0,0;0,0,0,0,0;0,0,0,0,0;1,0,1,0,0;1,0,0,0,1;
 [nd-A31c-10m/]
f:1,0,1,0,0;1,0,1,0,0;0,0,0,0,0;0,0,0,0,0;1,0,1,0,0;3,2,0,1,0;
 [s0_from_nd-A31c-10m/]
s:1,0,1,0,0;1,0,1,0,0;0,0,0,0,0;0,0,0,0,0;1,0,1,0,0;3,0,0,1,2;
 [i0_from_nd-A31c-10m/]
i:1,0,0,0,1;1,0,1,0,0;0,0,0,0,0;0,0,0,0,0;1,0,1,0,0;3,2,0,1,0;
 [i1_from_nd-A31c-10m/]
i:1,0,1,0,0;1,0,0,0,1;0,0,0,0,0;0,0,0,0,0;1,0,1,0,0;3,2,0,1,0;
 [i2_from_nd-A31c-10m/]
i:1,0,1,0,0;1,0,1,0,0;0,0,0,0,0;0,0,0,0,0;1,0,0,0,1;3,2,0,1,0;
 [nd-A31c-16/]
f:27,0,24,0,3;1,0,1,0,0;0,0,0,0,0;0,0,0,0,0;1,0,1,0,0;33,0,33,0,0;
 [i0_from_nd-A31c-16/]
i:27,0,16,0,8;1,0,1,0,0;0,0,0,0,0;0,0,0,0,0;1,0,1,0,0;33,0,33,0,0;
 [i1_from_nd-A31c-16/]
i:27,0,8,0,16;1,0,1,0,0;0,0,0,0,0;0,0,0,0,0;1,0,1,0,0;33,0,33,0,0;
 [i2_from_nd-A31c-16/]
i:27,0,24,0,0;1,0,0,0,1;0,0,0,0,0;0,0,0,0,0;1,0,1,0,0;33,0,33,0,0;
 [i3_from_nd-A31c-16/]
i:27,0,24,0,0;1,0,1,0,0;0,0,0,0,0;0,0,0,0,0;1,0,0,0,1;33,0,33,0,0;
 [i4_from_nd-A31c-16/]
i:27,0,24,0,0;1,0,1,0,0;0,0,0,0,0;0,0,0,0,0;1,0,1,0,0;33,0,32,0,1;
 [i5_from_nd-A31c-16/]
i:27,0,24,0,0;1,0,1,0,0;0,0,0,0,0;0,0,0,0,0;1,0,1,0,0;33,0,1,0,32;
 [nd-A31c-16m/]
f:1,0,1,0,0;1,0,1,0,0;0,0,0,0,0;0,0,0,0,0;33,0,33,0,0;27,0,24,0,3;
 [i0_from_nd-A31c-16m/]
i:1,0,0,0,1;1,0,1,0,0;0,0,0,0,0;0,0,0,0,0;33,0,33,0,0;27,0,24,0,0;
 [i1_from_nd-A31c-16m/]
i:1,0,1,0,0;1,0,0,0,1;0,0,0,0,0;0,0,0,0,0;33,0,33,0,0;27,0,24,0,0;
 [i2_from_nd-A31c-16m/]
i:1,0,1,0,0;1,0,1,0,0;0,0,0,0,0;0,0,0,0,0;33,0,32,0,1;27,0,24,0,0;
 [i3_from_nd-A31c-16m/]
i:1,0,1,0,0;1,0,1,0,0;0,0,0,0,0;0,0,0,0,0;33,0,1,0,32;27,0,24,0,0;
 [i4_from_nd-A31c-16m/]
i:1,0,1,0,0;1,0,1,0,0;0,0,0,0,0;0,0,0,0,0;33,0,33,0,0;27,0,16,0,8;
 [i5_from_nd-A31c-16m/]
i:1,0,1,0,0;1,0,1,0,0;0,0,0,0,0;0,0,0,0,0;33,0,33,0,0;27,0,8,0,16;
 [nd-A31c-20/]
f:3,2,0,1,0;1,0,1,0,0;0,0,0,0,0;1,1,0,0,0;0,0,0,0,0;1,0,1,0,0;
 [s0_from_nd-A31c-20/]
s:3,0,0,1,2;1,0,1,0,0;0,0,0,0,0;1,1,0,0,0;0,0,0,0,0;1,0,1,0,0;
 [s1_from_nd-A31c-20/]
s:3,2,0,1,0;1,0,1,0,0;0,0,0,0,0;1,0,0,0,1;0,0,0,0,0;1,0,1,0,0;
 [i0_from_nd-A31c-20/]
i:3,2,0,1,0;1,0,0,0,1;0,0,0,0,0;1,1,0,0,0;0,0,0,0,0;1,0,1,0,0;
 [i1_from_nd-A31c-20/]
i:3,2,0,1,0;1,0,1,0,0;0,0,0,0,0;1,1,0,0,0;0,0,0,0,0;1,0,0,0,1;
 [nd-A31c-26/]
f:27,0,24,0,3;1,0,1,0,0;0,0,0,0,0;1,1,0,0,0;0,0,0,0,0;33,0,33,0,0;
 [s0_from_nd-A31c-26/]
s:27,0,24,0,0;1,0,1,0,0;0,0,0,0,0;1,0,0,0,1;0,0,0,0,0;33,0,33,0,0;
 [i0_from_nd-A31c-26/]
i:27,0,16,0,8;1,0,1,0,0;0,0,0,0,0;1,1,0,0,0;0,0,0,0,0;33,0,33,0,0;
 [i1_from_nd-A31c-26/]
i:27,0,8,0,16;1,0,1,0,0;0,0,0,0,0;1,1,0,0,0;0,0,0,0,0;33,0,33,0,0;
 [i2_from_nd-A31c-26/]
i:27,0,24,0,0;1,0,0,0,1;0,0,0,0,0;1,1,0,0,0;0,0,0,0,0;33,0,33,0,0;
 [i3_from_nd-A31c-26/]
i:27,0,24,0,0;1,0,1,0,0;0,0,0,0,0;1,1,0,0,0;0,0,0,0,0;33,0,32,0,1;
 [i4_from_nd-A31c-26/]
i:27,0,24,0,0;1,0,1,0,0;0,0,0,0,0;1,1,0,0,0;0,0,0,0,0;33,0,1,0,32;
 [nd-A31s-30/]
f:4,4,0,0,0;5,0,4,1,0;1,0,1,0,0;1,0,1,0,0;1,0,1,0,0;0,0,0,0,0;
 [s0_from_nd-A31s-30/]
s:4,0,0,0,4;5,0,4,1,0;1,0,1,0,0;1,0,1,0,0;1,0,1,0,0;0,0,0,0,0;
 [i0_from_nd-A31s-30/]
i:4,4,0,0,0;5,0,0,1,4;1,0,1,0,0;1,0,1,0,0;1,0,1,0,0;0,0,0,0,0;
 [i1_from_nd-A31s-30/]
i:4,4,0,0,0;5,0,4,1,0;1,0,0,0,1;1,0,1,0,0;1,0,1,0,0;0,0,0,0,0;
 [i2_from_nd-A31s-30/]
i:4,4,0,0,0;5,0,4,1,0;1,0,1,0,0;1,0,0,0,1;1,0,1,0,0;0,0,0,0,0;
 [i3_from_nd-A31s-30/]
i:4,4,0,0,0;5,0,4,1,0;1,0,1,0,0;1,0,1,0,0;1,0,0,0,1;0,0,0,0,0;
 [nd-A31s-30m/]
f:0,0,0,0,0;1,0,1,0,0;1,0,1,0,0;5,0,5,0,0;5,4,0,1,0;0,0,0,0,0;
 [s0_from_nd-A31s-30m/]
s:0,0,0,0,0;1,0,1,0,0;1,0,1,0,0;5,0,5,0,0;5,0,0,1,4;0,0,0,0,0;
 [i0_from_nd-A31s-30m/]
i:0,0,0,0,0;1,0,0,0,1;1,0,1,0,0;5,0,5,0,0;5,4,0,1,0;0,0,0,0,0;
 [i1_from_nd-A31s-30m/]
i:0,0,0,0,0;1,0,1,0,0;1,0,0,0,1;5,0,5,0,0;5,4,0,1,0;0,0,0,0,0;
 [i2_from_nd-A31s-30m/]
i:0,0,0,0,0;1,0,1,0,0;1,0,1,0,0;5,0,4,0,1;5,4,0,1,0;0,0,0,0,0;
 [i3_from_nd-A31s-30m/]
i:0,0,0,0,0;1,0,1,0,0;1,0,1,0,0;5,0,1,0,4;5,4,0,1,0;0,0,0,0,0;
 [nd-A31s-36/]
f:54,0,50,0,4;5,0,4,0,1;1,0,1,0,0;1,0,1,0,0;1,0,1,0,0;0,0,0,0,0;
 [i0_from_nd-A31s-36/]
i:54,0,48,0,2;5,0,4,0,0;1,0,1,0,0;1,0,1,0,0;1,0,1,0,0;0,0,0,0,0;
 [i1_from_nd-A31s-36/]
i:54,0,34,0,16;5,0,4,0,0;1,0,1,0,0;1,0,1,0,0;1,0,1,0,0;0,0,0,0,0;
 [i2_from_nd-A31s-36/]
i:54,0,18,0,32;5,0,4,0,0;1,0,1,0,0;1,0,1,0,0;1,0,1,0,0;0,0,0,0,0;
 [i3_from_nd-A31s-36/]
i:54,0,50,0,0;5,0,0,0,4;1,0,1,0,0;1,0,1,0,0;1,0,1,0,0;0,0,0,0,0;
 [i4_from_nd-A31s-36/]
i:54,0,50,0,0;5,0,4,0,0;1,0,0,0,1;1,0,1,0,0;1,0,1,0,0;0,0,0,0,0;
 [i5_from_nd-A31s-36/]
i:54,0,50,0,0;5,0,4,0,0;1,0,1,0,0;1,0,0,0,1;1,0,1,0,0;0,0,0,0,0;
 [i6_from_nd-A31s-36/]
i:54,0,50,0,0;5,0,4,0,0;1,0,1,0,0;1,0,1,0,0;1,0,0,0,1;0,0,0,0,0;
 [nd-A31s-36m/]
f:0,0,0,0,0;1,0,1,0,0;1,0,1,0,0;5,0,5,0,0;53,0,48,0,5;2,0,2,0,0;
 [i0_from_nd-A31s-36m/]
i:0,0,0,0,0;1,0,0,0,1;1,0,1,0,0;5,0,5,0,0;53,0,48,0,0;2,0,2,0,0;
 [i1_from_nd-A31s-36m/]
i:0,0,0,0,0;1,0,1,0,0;1,0,0,0,1;5,0,5,0,0;53,0,48,0,0;2,0,2,0,0;
 [i2_from_nd-A31s-36m/]
i:0,0,0,0,0;1,0,1,0,0;1,0,1,0,0;5,0,4,0,1;53,0,48,0,0;2,0,2,0,0;
 [i3_from_nd-A31s-36m/]
i:0,0,0,0,0;1,0,1,0,0;1,0,1,0,0;5,0,1,0,4;53,0,48,0,0;2,0,2,0,0;
 [i4_from_nd-A31s-36m/]
i:0,0,0,0,0;1,0,1,0,0;1,0,1,0,0;5,0,5,0,0;53,0,32,0,16;2,0,2,0,0;
 [i5_from_nd-A31s-36m/]
i:0,0,0,0,0;1,0,1,0,0;1,0,1,0,0;5,0,5,0,0;53,0,16,0,32;2,0,2,0,0;
 [i6_from_nd-A31s-36m/]
i:0,0,0,0,0;1,0,1,0,0;1,0,1,0,0;5,0,5,0,0;53,0,48,0,0;2,0,0,0,2;
 [nd-A31s-40/]
f:4,4,0,0,0;5,0,4,1,0;1,0,1,0,0;1,0,1,0,0;0,0,0,0,0;1,1,0,0,0;
 [s0_from_nd-A31s-40/]
s:4,0,0,0,4;5,0,4,1,0;1,0,1,0,0;1,0,1,0,0;0,0,0,0,0;1,1,0,0,0;
 [s1_from_nd-A31s-40/]
s:4,4,0,0,0;5,0,4,1,0;1,0,1,0,0;1,0,1,0,0;0,0,0,0,0;1,0,0,0,1;
 [i0_from_nd-A31s-40/]
i:4,4,0,0,0;5,0,0,1,4;1,0,1,0,0;1,0,1,0,0;0,0,0,0,0;1,1,0,0,0;
 [i1_from_nd-A31s-40/]
i:4,4,0,0,0;5,0,4,1,0;1,0,0,0,1;1,0,1,0,0;0,0,0,0,0;1,1,0,0,0;
 [i2_from_nd-A31s-40/]
i:4,4,0,0,0;5,0,4,1,0;1,0,1,0,0;1,0,0,0,1;0,0,0,0,0;1,1,0,0,0;
 [nd-A31s-46/]
f:54,0,50,0,4;5,0,4,0,1;1,0,1,0,0;1,0,1,0,0;0,0,0,0,0;1,1,0,0,0;
 [s0_from_nd-A31s-46/]
s:54,0,50,0,0;5,0,4,0,0;1,0,1,0,0;1,0,1,0,0;0,0,0,0,0;1,0,0,0,1;
 [i0_from_nd-A31s-46/]
i:54,0,48,0,2;5,0,4,0,0;1,0,1,0,0;1,0,1,0,0;0,0,0,0,0;1,1,0,0,0;
 [i1_from_nd-A31s-46/]
i:54,0,34,0,16;5,0,4,0,0;1,0,1,0,0;1,0,1,0,0;0,0,0,0,0;1,1,0,0,0;
 [i2_from_nd-A31s-46/]
i:54,0,18,0,32;5,0,4,0,0;1,0,1,0,0;1,0,1,0,0;0,0,0,0,0;1,1,0,0,0;
 [i3_from_nd-A31s-46/]
i:54,0,50,0,0;5,0,0,0,4;1,0,1,0,0;1,0,1,0,0;0,0,0,0,0;1,1,0,0,0;
 [i4_from_nd-A31s-46/]
i:54,0,50,0,0;5,0,4,0,0;1,0,0,0,1;1,0,1,0,0;0,0,0,0,0;1,1,0,0,0;
 [i5_from_nd-A31s-46/]
i:54,0,50,0,0;5,0,4,0,0;1,0,1,0,0;1,0,0,0,1;0,0,0,0,0;1,1,0,0,0;
 [nd-A31s-46m/]
f:1,1,0,0,0;0,0,0,0,0;1,0,1,0,0;5,0,5,0,0;53,0,48,0,5;2,0,2,0,0;
 [s0_from_nd-A31s-46m/]
s:1,0,0,0,1;0,0,0,0,0;1,0,1,0,0;5,0,5,0,0;53,0,48,0,0;2,0,2,0,0;
 [i0_from_nd-A31s-46m/]
i:1,1,0,0,0;0,0,0,0,0;1,0,0,0,1;5,0,5,0,0;53,0,48,0,0;2,0,2,0,0;
 [i1_from_nd-A31s-46m/]
i:1,1,0,0,0;0,0,0,0,0;1,0,1,0,0;5,0,4,0,1;53,0,48,0,0;2,0,2,0,0;
 [i2_from_nd-A31s-46m/]
i:1,1,0,0,0;0,0,0,0,0;1,0,1,0,0;5,0,1,0,4;53,0,48,0,0;2,0,2,0,0;
 [i3_from_nd-A31s-46m/]
i:1,1,0,0,0;0,0,0,0,0;1,0,1,0,0;5,0,5,0,0;53,0,32,0,16;2,0,2,0,0;
 [i4_from_nd-A31s-46m/]
i:1,1,0,0,0;0,0,0,0,0;1,0,1,0,0;5,0,5,0,0;53,0,16,0,32;2,0,2,0,0;
 [i5_from_nd-A31s-46m/]
i:1,1,0,0,0;0,0,0,0,0;1,0,1,0,0;5,0,5,0,0;53,0,48,0,0;2,0,0,0,2;
 [nd-A31s-50/]
f:4,4,0,0,0;5,0,4,1,0;1,0,1,0,0;0,0,0,0,0;1,1,0,0,0;1,1,0,0,0;
 [s0_from_nd-A31s-50/]
s:4,0,0,0,4;5,0,4,1,0;1,0,1,0,0;0,0,0,0,0;1,1,0,0,0;1,1,0,0,0;
 [s1_from_nd-A31s-50/]
s:4,4,0,0,0;5,0,4,1,0;1,0,1,0,0;0,0,0,0,0;1,0,0,0,1;1,1,0,0,0;
 [s2_from_nd-A31s-50/]
s:4,4,0,0,0;5,0,4,1,0;1,0,1,0,0;0,0,0,0,0;1,1,0,0,0;1,0,0,0,1;
 [i0_from_nd-A31s-50/]
i:4,4,0,0,0;5,0,0,1,4;1,0,1,0,0;0,0,0,0,0;1,1,0,0,0;1,1,0,0,0;
 [i1_from_nd-A31s-50/]
i:4,4,0,0,0;5,0,4,1,0;1,0,0,0,1;0,0,0,0,0;1,1,0,0,0;1,1,0,0,0;
 [nd-A31s-50m/]
f:1,1,0,0,0;1,1,0,0,0;0,0,0,0,0;5,0,5,0,0;5,4,0,1,0;0,0,0,0,0;
 [s0_from_nd-A31s-50m/]
s:1,0,0,0,1;1,1,0,0,0;0,0,0,0,0;5,0,5,0,0;5,4,0,1,0;0,0,0,0,0;
 [s1_from_nd-A31s-50m/]
s:1,1,0,0,0;1,0,0,0,1;0,0,0,0,0;5,0,5,0,0;5,4,0,1,0;0,0,0,0,0;
 [s2_from_nd-A31s-50m/]
s:1,1,0,0,0;1,1,0,0,0;0,0,0,0,0;5,0,5,0,0;5,0,0,1,4;0,0,0,0,0;
 [i0_from_nd-A31s-50m/]
i:1,1,0,0,0;1,1,0,0,0;0,0,0,0,0;5,0,4,0,1;5,4,0,1,0;0,0,0,0,0;
 [i1_from_nd-A31s-50m/]
i:1,1,0,0,0;1,1,0,0,0;0,0,0,0,0;5,0,1,0,4;5,4,0,1,0;0,0,0,0,0;
 [nd-A31s-56/]
f:54,0,50,0,4;5,0,4,0,1;1,0,1,0,0;0,0,0,0,0;1,1,0,0,0;1,1,0,0,0;
 [s0_from_nd-A31s-56/]
s:54,0,50,0,0;5,0,4,0,0;1,0,1,0,0;0,0,0,0,0;1,0,0,0,1;1,1,0,0,0;
 [s1_from_nd-A31s-56/]
s:54,0,50,0,0;5,0,4,0,0;1,0,1,0,0;0,0,0,0,0;1,1,0,0,0;1,0,0,0,1;
 [i0_from_nd-A31s-56/]
i:54,0,48,0,2;5,0,4,0,0;1,0,1,0,0;0,0,0,0,0;1,1,0,0,0;1,1,0,0,0;
 [i1_from_nd-A31s-56/]
i:54,0,34,0,16;5,0,4,0,0;1,0,1,0,0;0,0,0,0,0;1,1,0,0,0;1,1,0,0,0;
 [i2_from_nd-A31s-56/]
i:54,0,18,0,32;5,0,4,0,0;1,0,1,0,0;0,0,0,0,0;1,1,0,0,0;1,1,0,0,0;
 [i3_from_nd-A31s-56/]
i:54,0,50,0,0;5,0,0,0,4;1,0,1,0,0;0,0,0,0,0;1,1,0,0,0;1,1,0,0,0;
 [i4_from_nd-A31s-56/]
i:54,0,50,0,0;5,0,4,0,0;1,0,0,0,1;0,0,0,0,0;1,1,0,0,0;1,1,0,0,0;
 [nd-A31s-56m/]
f:1,1,0,0,0;1,1,0,0,0;0,0,0,0,0;5,0,5,0,0;53,0,48,0,5;2,0,2,0,0;
 [s0_from_nd-A31s-56m/]
s:1,0,0,0,1;1,1,0,0,0;0,0,0,0,0;5,0,5,0,0;53,0,48,0,0;2,0,2,0,0;
 [s1_from_nd-A31s-56m/]
s:1,1,0,0,0;1,0,0,0,1;0,0,0,0,0;5,0,5,0,0;53,0,48,0,0;2,0,2,0,0;
 [i0_from_nd-A31s-56m/]
i:1,1,0,0,0;1,1,0,0,0;0,0,0,0,0;5,0,4,0,1;53,0,48,0,0;2,0,2,0,0;
 [i1_from_nd-A31s-56m/]
i:1,1,0,0,0;1,1,0,0,0;0,0,0,0,0;5,0,1,0,4;53,0,48,0,0;2,0,2,0,0;
 [i2_from_nd-A31s-56m/]
i:1,1,0,0,0;1,1,0,0,0;0,0,0,0,0;5,0,5,0,0;53,0,32,0,16;2,0,2,0,0;
 [i3_from_nd-A31s-56m/]
i:1,1,0,0,0;1,1,0,0,0;0,0,0,0,0;5,0,5,0,0;53,0,16,0,32;2,0,2,0,0;
 [i4_from_nd-A31s-56m/]
i:1,1,0,0,0;1,1,0,0,0;0,0,0,0,0;5,0,5,0,0;53,0,48,0,0;2,0,0,0,2;
 [nd-A32-13A/]
f:31,28,0,0,3;1,0,1,0,0;0,0,0,0,0;0,0,0,0,0;1,0,1,0,0;1,0,1,0,0;
 [s0_from_nd-A32-13A/]
s:31,24,0,0,4;1,0,1,0,0;0,0,0,0,0;0,0,0,0,0;1,0,1,0,0;1,0,1,0,0;
 [s1_from_nd-A32-13A/]
s:31,20,0,0,8;1,0,1,0,0;0,0,0,0,0;0,0,0,0,0;1,0,1,0,0;1,0,1,0,0;
 [s2_from_nd-A32-13A/]
s:31,12,0,0,16;1,0,1,0,0;0,0,0,0,0;0,0,0,0,0;1,0,1,0,0;1,0,1,0,0;
 [i0_from_nd-A32-13A/]
i:31,28,0,0,0;1,0,0,0,1;0,0,0,0,0;0,0,0,0,0;1,0,1,0,0;1,0,1,0,0;
 [i1_from_nd-A32-13A/]
i:31,28,0,0,0;1,0,1,0,0;0,0,0,0,0;0,0,0,0,0;1,0,0,0,1;1,0,1,0,0;
 [i2_from_nd-A32-13A/]
i:31,28,0,0,0;1,0,1,0,0;0,0,0,0,0;0,0,0,0,0;1,0,1,0,0;1,0,0,0,1;
 [nd-A32-13Am/]
f:1,0,1,0,0;1,0,1,0,0;0,0,0,0,0;0,0,0,0,0;37,36,1,0,0;11,8,0,0,3;
 [s0_from_nd-A32-13Am/]
s:1,0,1,0,0;1,0,1,0,0;0,0,0,0,0;0,0,0,0,0;37,32,1,0,4;11,8,0,0,0;
 [s1_from_nd-A32-13Am/]
s:1,0,1,0,0;1,0,1,0,0;0,0,0,0,0;0,0,0,0,0;37,4,1,0,32;11,8,0,0,0;
 [s2_from_nd-A32-13Am/]
s:1,0,1,0,0;1,0,1,0,0;0,0,0,0,0;0,0,0,0,0;37,36,1,0,0;11,0,0,0,8;
 [i0_from_nd-A32-13Am/]
i:1,0,0,0,1;1,0,1,0,0;0,0,0,0,0;0,0,0,0,0;37,36,1,0,0;11,8,0,0,0;
 [i1_from_nd-A32-13Am/]
i:1,0,1,0,0;1,0,0,0,1;0,0,0,0,0;0,0,0,0,0;37,36,1,0,0;11,8,0,0,0;
 [i2_from_nd-A32-13Am/]
i:1,0,1,0,0;1,0,1,0,0;0,0,0,0,0;0,0,0,0,0;37,36,0,0,1;11,8,0,0,0;
 [nd-A32-13B/]
f:11,8,0,0,3;1,0,1,0,0;0,0,0,0,0;0,0,0,0,0;1,0,1,0,0;37,36,1,0,0;
 [s0_from_nd-A32-13B/]
s:11,0,0,0,8;1,0,1,0,0;0,0,0,0,0;0,0,0,0,0;1,0,1,0,0;37,36,1,0,0;
 [s1_from_nd-A32-13B/]
s:11,8,0,0,0;1,0,1,0,0;0,0,0,0,0;0,0,0,0,0;1,0,1,0,0;37,32,1,0,4;
 [s2_from_nd-A32-13B/]
s:11,8,0,0,0;1,0,1,0,0;0,0,0,0,0;0,0,0,0,0;1,0,1,0,0;37,4,1,0,32;
 [i0_from_nd-A32-13B/]
i:11,8,0,0,0;1,0,0,0,1;0,0,0,0,0;0,0,0,0,0;1,0,1,0,0;37,36,1,0,0;
 [i1_from_nd-A32-13B/]
i:11,8,0,0,0;1,0,1,0,0;0,0,0,0,0;0,0,0,0,0;1,0,0,0,1;37,36,1,0,0;
 [i2_from_nd-A32-13B/]
i:11,8,0,0,0;1,0,1,0,0;0,0,0,0,0;0,0,0,0,0;1,0,1,0,0;37,36,0,0,1;
 [nd-A32-13Bm/]
f:1,0,1,0,0;1,0,1,0,0;0,0,0,0,0;0,0,0,0,0;1,0,1,0,0;31,28,0,0,3;
 [s0_from_nd-A32-13Bm/]
s:1,0,1,0,0;1,0,1,0,0;0,0,0,0,0;0,0,0,0,0;1,0,1,0,0;31,24,0,0,4;
 [s1_from_nd-A32-13Bm/]
s:1,0,1,0,0;1,0,1,0,0;0,0,0,0,0;0,0,0,0,0;1,0,1,0,0;31,20,0,0,8;
 [s2_from_nd-A32-13Bm/]
s:1,0,1,0,0;1,0,1,0,0;0,0,0,0,0;0,0,0,0,0;1,0,1,0,0;31,12,0,0,16;
 [i0_from_nd-A32-13Bm/]
i:1,0,0,0,1;1,0,1,0,0;0,0,0,0,0;0,0,0,0,0;1,0,1,0,0;31,28,0,0,0;
 [i1_from_nd-A32-13Bm/]
i:1,0,1,0,0;1,0,0,0,1;0,0,0,0,0;0,0,0,0,0;1,0,1,0,0;31,28,0,0,0;
 [i2_from_nd-A32-13Bm/]
i:1,0,1,0,0;1,0,1,0,0;0,0,0,0,0;0,0,0,0,0;1,0,0,0,1;31,28,0,0,0;
 [nd-A32-14A/]
f:23,20,0,0,3;1,0,1,0,0;0,0,0,0,0;0,0,0,0,0;1,0,1,0,0;33,0,33,0,0;
 [s0_from_nd-A32-14A/]
s:23,16,0,0,4;1,0,1,0,0;0,0,0,0,0;0,0,0,0,0;1,0,1,0,0;33,0,33,0,0;
 [s1_from_nd-A32-14A/]
s:23,4,0,0,16;1,0,1,0,0;0,0,0,0,0;0,0,0,0,0;1,0,1,0,0;33,0,33,0,0;
 [i0_from_nd-A32-14A/]
i:23,20,0,0,0;1,0,0,0,1;0,0,0,0,0;0,0,0,0,0;1,0,1,0,0;33,0,33,0,0;
 [i1_from_nd-A32-14A/]
i:23,20,0,0,0;1,0,1,0,0;0,0,0,0,0;0,0,0,0,0;1,0,0,0,1;33,0,33,0,0;
 [i2_from_nd-A32-14A/]
i:23,20,0,0,0;1,0,1,0,0;0,0,0,0,0;0,0,0,0,0;1,0,1,0,0;33,0,32,0,1;
 [i3_from_nd-A32-14A/]
i:23,20,0,0,0;1,0,1,0,0;0,0,0,0,0;0,0,0,0,0;1,0,1,0,0;33,0,1,0,32;
 [nd-A32-14Am/]
f:1,0,1,0,0;1,0,1,0,0;0,0,0,0,0;0,0,0,0,0;37,36,1,0,0;19,0,16,0,3;
 [s0_from_nd-A32-14Am/]
s:1,0,1,0,0;1,0,1,0,0;0,0,0,0,0;0,0,0,0,0;37,32,1,0,4;19,0,16,0,0;
 [s1_from_nd-A32-14Am/]
s:1,0,1,0,0;1,0,1,0,0;0,0,0,0,0;0,0,0,0,0;37,4,1,0,32;19,0,16,0,0;
 [i0_from_nd-A32-14Am/]
i:1,0,0,0,1;1,0,1,0,0;0,0,0,0,0;0,0,0,0,0;37,36,1,0,0;19,0,16,0,0;
 [i1_from_nd-A32-14Am/]
i:1,0,1,0,0;1,0,0,0,1;0,0,0,0,0;0,0,0,0,0;37,36,1,0,0;19,0,16,0,0;
 [i2_from_nd-A32-14Am/]
i:1,0,1,0,0;1,0,1,0,0;0,0,0,0,0;0,0,0,0,0;37,36,0,0,1;19,0,16,0,0;
 [i3_from_nd-A32-14Am/]
i:1,0,1,0,0;1,0,1,0,0;0,0,0,0,0;0,0,0,0,0;37,36,1,0,0;19,0,0,0,16;
 [nd-A32-14B/]
f:19,0,16,0,3;1,0,1,0,0;0,0,0,0,0;0,0,0,0,0;1,0,1,0,0;37,36,1,0,0;
 [s0_from_nd-A32-14B/]
s:19,0,16,0,0;1,0,1,0,0;0,0,0,0,0;0,0,0,0,0;1,0,1,0,0;37,32,1,0,4;
 [s1_from_nd-A32-14B/]
s:19,0,16,0,0;1,0,1,0,0;0,0,0,0,0;0,0,0,0,0;1,0,1,0,0;37,4,1,0,32;
 [i0_from_nd-A32-14B/]
i:19,0,0,0,16;1,0,1,0,0;0,0,0,0,0;0,0,0,0,0;1,0,1,0,0;37,36,1,0,0;
 [i1_from_nd-A32-14B/]
i:19,0,16,0,0;1,0,0,0,1;0,0,0,0,0;0,0,0,0,0;1,0,1,0,0;37,36,1,0,0;
 [i2_from_nd-A32-14B/]
i:19,0,16,0,0;1,0,1,0,0;0,0,0,0,0;0,0,0,0,0;1,0,0,0,1;37,36,1,0,0;
 [i3_from_nd-A32-14B/]
i:19,0,16,0,0;1,0,1,0,0;0,0,0,0,0;0,0,0,0,0;1,0,1,0,0;37,36,0,0,1;
 [nd-A32-14Bm/]
f:1,0,1,0,0;1,0,1,0,0;0,0,0,0,0;0,0,0,0,0;33,0,33,0,0;23,20,0,0,3;
 [s0_from_nd-A32-14Bm/]
s:1,0,1,0,0;1,0,1,0,0;0,0,0,0,0;0,0,0,0,0;33,0,33,0,0;23,16,0,0,4;
 [s1_from_nd-A32-14Bm/]
s:1,0,1,0,0;1,0,1,0,0;0,0,0,0,0;0,0,0,0,0;33,0,33,0,0;23,4,0,0,16;
 [i0_from_nd-A32-14Bm/]
i:1,0,0,0,1;1,0,1,0,0;0,0,0,0,0;0,0,0,0,0;33,0,33,0,0;23,20,0,0,0;
 [i1_from_nd-A32-14Bm/]
i:1,0,1,0,0;1,0,0,0,1;0,0,0,0,0;0,0,0,0,0;33,0,33,0,0;23,20,0,0,0;
 [i2_from_nd-A32-14Bm/]
i:1,0,1,0,0;1,0,1,0,0;0,0,0,0,0;0,0,0,0,0;33,0,32,0,1;23,20,0,0,0;
 [i3_from_nd-A32-14Bm/]
i:1,0,1,0,0;1,0,1,0,0;0,0,0,0,0;0,0,0,0,0;33,0,1,0,32;23,20,0,0,0;
 [nd-A32-15A/]
f:15,4,8,0,3;1,0,1,0,0;0,0,0,0,0;0,0,0,0,0;1,0,1,0,0;33,0,33,0,0;
 [s0_from_nd-A32-15A/]
s:15,0,8,0,4;1,0,1,0,0;0,0,0,0,0;0,0,0,0,0;1,0,1,0,0;33,0,33,0,0;
 [i0_from_nd-A32-15A/]
i:15,4,0,0,8;1,0,1,0,0;0,0,0,0,0;0,0,0,0,0;1,0,1,0,0;33,0,33,0,0;
 [i1_from_nd-A32-15A/]
i:15,4,8,0,0;1,0,0,0,1;0,0,0,0,0;0,0,0,0,0;1,0,1,0,0;33,0,33,0,0;
 [i2_from_nd-A32-15A/]
i:15,4,8,0,0;1,0,1,0,0;0,0,0,0,0;0,0,0,0,0;1,0,0,0,1;33,0,33,0,0;
 [i3_from_nd-A32-15A/]
i:15,4,8,0,0;1,0,1,0,0;0,0,0,0,0;0,0,0,0,0;1,0,1,0,0;33,0,32,0,1;
 [i4_from_nd-A32-15A/]
i:15,4,8,0,0;1,0,1,0,0;0,0,0,0,0;0,0,0,0,0;1,0,1,0,0;33,0,1,0,32;
 [nd-A32-15Am/]
f:1,0,1,0,0;1,0,1,0,0;0,0,0,0,0;0,0,0,0,0;5,4,1,0,0;27,0,24,0,3;
 [s0_from_nd-A32-15Am/]
s:1,0,1,0,0;1,0,1,0,0;0,0,0,0,0;0,0,0,0,0;5,0,1,0,4;27,0,24,0,0;
 [i0_from_nd-A32-15Am/]
i:1,0,0,0,1;1,0,1,0,0;0,0,0,0,0;0,0,0,0,0;5,4,1,0,0;27,0,24,0,0;
 [i1_from_nd-A32-15Am/]
i:1,0,1,0,0;1,0,0,0,1;0,0,0,0,0;0,0,0,0,0;5,4,1,0,0;27,0,24,0,0;
 [i2_from_nd-A32-15Am/]
i:1,0,1,0,0;1,0,1,0,0;0,0,0,0,0;0,0,0,0,0;5,4,0,0,1;27,0,24,0,0;
 [i3_from_nd-A32-15Am/]
i:1,0,1,0,0;1,0,1,0,0;0,0,0,0,0;0,0,0,0,0;5,4,1,0,0;27,0,16,0,8;
 [i4_from_nd-A32-15Am/]
i:1,0,1,0,0;1,0,1,0,0;0,0,0,0,0;0,0,0,0,0;5,4,1,0,0;27,0,8,0,16;
 [nd-A32-15B/]
f:27,0,24,0,3;1,0,1,0,0;0,0,0,0,0;0,0,0,0,0;1,0,1,0,0;5,4,1,0,0;
 [s0_from_nd-A32-15B/]
s:27,0,24,0,0;1,0,1,0,0;0,0,0,0,0;0,0,0,0,0;1,0,1,0,0;5,0,1,0,4;
 [i0_from_nd-A32-15B/]
i:27,0,16,0,8;1,0,1,0,0;0,0,0,0,0;0,0,0,0,0;1,0,1,0,0;5,4,1,0,0;
 [i1_from_nd-A32-15B/]
i:27,0,8,0,16;1,0,1,0,0;0,0,0,0,0;0,0,0,0,0;1,0,1,0,0;5,4,1,0,0;
 [i2_from_nd-A32-15B/]
i:27,0,24,0,0;1,0,0,0,1;0,0,0,0,0;0,0,0,0,0;1,0,1,0,0;5,4,1,0,0;
 [i3_from_nd-A32-15B/]
i:27,0,24,0,0;1,0,1,0,0;0,0,0,0,0;0,0,0,0,0;1,0,0,0,1;5,4,1,0,0;
 [i4_from_nd-A32-15B/]
i:27,0,24,0,0;1,0,1,0,0;0,0,0,0,0;0,0,0,0,0;1,0,1,0,0;5,4,0,0,1;
 [nd-A32-15Bm/]
f:1,0,1,0,0;1,0,1,0,0;0,0,0,0,0;0,0,0,0,0;33,0,33,0,0;15,4,8,0,3;
 [s0_from_nd-A32-15Bm/]
s:1,0,1,0,0;1,0,1,0,0;0,0,0,0,0;0,0,0,0,0;33,0,33,0,0;15,0,8,0,4;
 [i0_from_nd-A32-15Bm/]
i:1,0,0,0,1;1,0,1,0,0;0,0,0,0,0;0,0,0,0,0;33,0,33,0,0;15,4,8,0,0;
 [i1_from_nd-A32-15Bm/]
i:1,0,1,0,0;1,0,0,0,1;0,0,0,0,0;0,0,0,0,0;33,0,33,0,0;15,4,8,0,0;
 [i2_from_nd-A32-15Bm/]
i:1,0,1,0,0;1,0,1,0,0;0,0,0,0,0;0,0,0,0,0;33,0,32,0,1;15,4,8,0,0;
 [i3_from_nd-A32-15Bm/]
i:1,0,1,0,0;1,0,1,0,0;0,0,0,0,0;0,0,0,0,0;33,0,1,0,32;15,4,8,0,0;
 [i4_from_nd-A32-15Bm/]
i:1,0,1,0,0;1,0,1,0,0;0,0,0,0,0;0,0,0,0,0;33,0,33,0,0;15,4,0,0,8;
 [nd-A32-23/]
f:31,28,0,0,3;1,0,1,0,0;0,0,0,0,0;1,1,0,0,0;0,0,0,0,0;1,0,1,0,0;
 [s0_from_nd-A32-23/]
s:31,24,0,0,4;1,0,1,0,0;0,0,0,0,0;1,1,0,0,0;0,0,0,0,0;1,0,1,0,0;
 [s1_from_nd-A32-23/]
s:31,20,0,0,8;1,0,1,0,0;0,0,0,0,0;1,1,0,0,0;0,0,0,0,0;1,0,1,0,0;
 [s2_from_nd-A32-23/]
s:31,12,0,0,16;1,0,1,0,0;0,0,0,0,0;1,1,0,0,0;0,0,0,0,0;1,0,1,0,0;
 [s3_from_nd-A32-23/]
s:31,28,0,0,0;1,0,1,0,0;0,0,0,0,0;1,0,0,0,1;0,0,0,0,0;1,0,1,0,0;
 [i0_from_nd-A32-23/]
i:31,28,0,0,0;1,0,0,0,1;0,0,0,0,0;1,1,0,0,0;0,0,0,0,0;1,0,1,0,0;
 [i1_from_nd-A32-23/]
i:31,28,0,0,0;1,0,1,0,0;0,0,0,0,0;1,1,0,0,0;0,0,0,0,0;1,0,0,0,1;
 [nd-A32-23m/]
f:1,0,1,0,0;0,0,0,0,0;1,1,0,0,0;0,0,0,0,0;37,36,1,0,0;11,8,0,0,3;
 [s0_from_nd-A32-23m/]
s:1,0,1,0,0;0,0,0,0,0;1,0,0,0,1;0,0,0,0,0;37,36,1,0,0;11,8,0,0,0;
 [s1_from_nd-A32-23m/]
s:1,0,1,0,0;0,0,0,0,0;1,1,0,0,0;0,0,0,0,0;37,32,1,0,4;11,8,0,0,0;
 [s2_from_nd-A32-23m/]
s:1,0,1,0,0;0,0,0,0,0;1,1,0,0,0;0,0,0,0,0;37,4,1,0,32;11,8,0,0,0;
 [s3_from_nd-A32-23m/]
s:1,0,1,0,0;0,0,0,0,0;1,1,0,0,0;0,0,0,0,0;37,36,1,0,0;11,0,0,0,8;
 [i0_from_nd-A32-23m/]
i:1,0,0,0,1;0,0,0,0,0;1,1,0,0,0;0,0,0,0,0;37,36,1,0,0;11,8,0,0,0;
 [i1_from_nd-A32-23m/]
i:1,0,1,0,0;0,0,0,0,0;1,1,0,0,0;0,0,0,0,0;37,36,0,0,1;11,8,0,0,0;
 [nd-A32-24/]
f:23,20,0,0,3;1,0,1,0,0;0,0,0,0,0;1,1,0,0,0;0,0,0,0,0;33,0,33,0,0;
 [s0_from_nd-A32-24/]
s:23,16,0,0,4;1,0,1,0,0;0,0,0,0,0;1,1,0,0,0;0,0,0,0,0;33,0,33,0,0;
 [s1_from_nd-A32-24/]
s:23,4,0,0,16;1,0,1,0,0;0,0,0,0,0;1,1,0,0,0;0,0,0,0,0;33,0,33,0,0;
 [s2_from_nd-A32-24/]
s:23,20,0,0,0;1,0,1,0,0;0,0,0,0,0;1,0,0,0,1;0,0,0,0,0;33,0,33,0,0;
 [i0_from_nd-A32-24/]
i:23,20,0,0,0;1,0,0,0,1;0,0,0,0,0;1,1,0,0,0;0,0,0,0,0;33,0,33,0,0;
 [i1_from_nd-A32-24/]
i:23,20,0,0,0;1,0,1,0,0;0,0,0,0,0;1,1,0,0,0;0,0,0,0,0;33,0,32,0,1;
 [i2_from_nd-A32-24/]
i:23,20,0,0,0;1,0,1,0,0;0,0,0,0,0;1,1,0,0,0;0,0,0,0,0;33,0,1,0,32;
 [nd-A32-24m/]
f:1,0,1,0,0;0,0,0,0,0;1,1,0,0,0;0,0,0,0,0;37,36,1,0,0;19,0,16,0,3;
 [s0_from_nd-A32-24m/]
s:1,0,1,0,0;0,0,0,0,0;1,0,0,0,1;0,0,0,0,0;37,36,1,0,0;19,0,16,0,0;
 [s1_from_nd-A32-24m/]
s:1,0,1,0,0;0,0,0,0,0;1,1,0,0,0;0,0,0,0,0;37,32,1,0,4;19,0,16,0,0;
 [s2_from_nd-A32-24m/]
s:1,0,1,0,0;0,0,0,0,0;1,1,0,0,0;0,0,0,0,0;37,4,1,0,32;19,0,16,0,0;
 [i0_from_nd-A32-24m/]
i:1,0,0,0,1;0,0,0,0,0;1,1,0,0,0;0,0,0,0,0;37,36,1,0,0;19,0,16,0,0;
 [i1_from_nd-A32-24m/]
i:1,0,1,0,0;0,0,0,0,0;1,1,0,0,0;0,0,0,0,0;37,36,0,0,1;19,0,16,0,0;
 [i2_from_nd-A32-24m/]
i:1,0,1,0,0;0,0,0,0,0;1,1,0,0,0;0,0,0,0,0;37,36,1,0,0;19,0,0,0,16;
 [nd-A32-25/]
f:15,4,8,0,3;1,0,1,0,0;0,0,0,0,0;1,1,0,0,0;0,0,0,0,0;33,0,33,0,0;
 [s0_from_nd-A32-25/]
s:15,0,8,0,4;1,0,1,0,0;0,0,0,0,0;1,1,0,0,0;0,0,0,0,0;33,0,33,0,0;
 [s1_from_nd-A32-25/]
s:15,4,8,0,0;1,0,1,0,0;0,0,0,0,0;1,0,0,0,1;0,0,0,0,0;33,0,33,0,0;
 [i0_from_nd-A32-25/]
i:15,4,0,0,8;1,0,1,0,0;0,0,0,0,0;1,1,0,0,0;0,0,0,0,0;33,0,33,0,0;
 [i1_from_nd-A32-25/]
i:15,4,8,0,0;1,0,0,0,1;0,0,0,0,0;1,1,0,0,0;0,0,0,0,0;33,0,33,0,0;
 [i2_from_nd-A32-25/]
i:15,4,8,0,0;1,0,1,0,0;0,0,0,0,0;1,1,0,0,0;0,0,0,0,0;33,0,32,0,1;
 [i3_from_nd-A32-25/]
i:15,4,8,0,0;1,0,1,0,0;0,0,0,0,0;1,1,0,0,0;0,0,0,0,0;33,0,1,0,32;
 [nd-A32-25m/]
f:1,0,1,0,0;0,0,0,0,0;1,1,0,0,0;0,0,0,0,0;5,4,1,0,0;27,0,24,0,3;
 [s0_from_nd-A32-25m/]
s:1,0,1,0,0;0,0,0,0,0;1,0,0,0,1;0,0,0,0,0;5,4,1,0,0;27,0,24,0,0;
 [s1_from_nd-A32-25m/]
s:1,0,1,0,0;0,0,0,0,0;1,1,0,0,0;0,0,0,0,0;5,0,1,0,4;27,0,24,0,0;
 [i0_from_nd-A32-25m/]
i:1,0,0,0,1;0,0,0,0,0;1,1,0,0,0;0,0,0,0,0;5,4,1,0,0;27,0,24,0,0;
 [i1_from_nd-A32-25m/]
i:1,0,1,0,0;0,0,0,0,0;1,1,0,0,0;0,0,0,0,0;5,4,0,0,1;27,0,24,0,0;
 [i2_from_nd-A32-25m/]
i:1,0,1,0,0;0,0,0,0,0;1,1,0,0,0;0,0,0,0,0;5,4,1,0,0;27,0,16,0,8;
 [i3_from_nd-A32-25m/]
i:1,0,1,0,0;0,0,0,0,0;1,1,0,0,0;0,0,0,0,0;5,4,1,0,0;27,0,8,0,16;
 [nd-A33-11A/]
f:23,20,0,0,3;1,0,1,0,0;0,0,0,0,0;0,0,0,0,0;1,0,1,0,0;5,4,1,0,0;
 [s0_from_nd-A33-11A/]
s:23,16,0,0,4;1,0,1,0,0;0,0,0,0,0;0,0,0,0,0;1,0,1,0,0;5,4,1,0,0;
 [s1_from_nd-A33-11A/]
s:23,4,0,0,16;1,0,1,0,0;0,0,0,0,0;0,0,0,0,0;1,0,1,0,0;5,4,1,0,0;
 [s2_from_nd-A33-11A/]
s:23,20,0,0,0;1,0,1,0,0;0,0,0,0,0;0,0,0,0,0;1,0,1,0,0;5,0,1,0,4;
 [i0_from_nd-A33-11A/]
i:23,20,0,0,0;1,0,0,0,1;0,0,0,0,0;0,0,0,0,0;1,0,1,0,0;5,4,1,0,0;
 [i1_from_nd-A33-11A/]
i:23,20,0,0,0;1,0,1,0,0;0,0,0,0,0;0,0,0,0,0;1,0,0,0,1;5,4,1,0,0;
 [i2_from_nd-A33-11A/]
i:23,20,0,0,0;1,0,1,0,0;0,0,0,0,0;0,0,0,0,0;1,0,1,0,0;5,4,0,0,1;
 [nd-A33-11Am/]
f:1,0,1,0,0;1,0,1,0,0;0,0,0,0,0;0,0,0,0,0;37,36,1,0,0;7,4,0,0,3;
 [s0_from_nd-A33-11Am/]
s:1,0,1,0,0;1,0,1,0,0;0,0,0,0,0;0,0,0,0,0;37,32,1,0,4;7,4,0,0,0;
 [s1_from_nd-A33-11Am/]
s:1,0,1,0,0;1,0,1,0,0;0,0,0,0,0;0,0,0,0,0;37,4,1,0,32;7,4,0,0,0;
 [s2_from_nd-A33-11Am/]
s:1,0,1,0,0;1,0,1,0,0;0,0,0,0,0;0,0,0,0,0;37,36,1,0,0;7,0,0,0,4;
 [i0_from_nd-A33-11Am/]
i:1,0,0,0,1;1,0,1,0,0;0,0,0,0,0;0,0,0,0,0;37,36,1,0,0;7,4,0,0,0;
 [i1_from_nd-A33-11Am/]
i:1,0,1,0,0;1,0,0,0,1;0,0,0,0,0;0,0,0,0,0;37,36,1,0,0;7,4,0,0,0;
 [i2_from_nd-A33-11Am/]
i:1,0,1,0,0;1,0,1,0,0;0,0,0,0,0;0,0,0,0,0;37,36,0,0,1;7,4,0,0,0;
 [nd-A33-11B/]
f:7,4,0,0,3;1,0,1,0,0;0,0,0,0,0;0,0,0,0,0;1,0,1,0,0;37,36,1,0,0;
 [s0_from_nd-A33-11B/]
s:7,0,0,0,4;1,0,1,0,0;0,0,0,0,0;0,0,0,0,0;1,0,1,0,0;37,36,1,0,0;
 [s1_from_nd-A33-11B/]
s:7,4,0,0,0;1,0,1,0,0;0,0,0,0,0;0,0,0,0,0;1,0,1,0,0;37,32,1,0,4;
 [s2_from_nd-A33-11B/]
s:7,4,0,0,0;1,0,1,0,0;0,0,0,0,0;0,0,0,0,0;1,0,1,0,0;37,4,1,0,32;
 [i0_from_nd-A33-11B/]
i:7,4,0,0,0;1,0,0,0,1;0,0,0,0,0;0,0,0,0,0;1,0,1,0,0;37,36,1,0,0;
 [i1_from_nd-A33-11B/]
i:7,4,0,0,0;1,0,1,0,0;0,0,0,0,0;0,0,0,0,0;1,0,0,0,1;37,36,1,0,0;
 [i2_from_nd-A33-11B/]
i:7,4,0,0,0;1,0,1,0,0;0,0,0,0,0;0,0,0,0,0;1,0,1,0,0;37,36,0,0,1;
 [nd-A33-11Bm/]
f:1,0,1,0,0;1,0,1,0,0;0,0,0,0,0;0,0,0,0,0;5,4,1,0,0;23,20,0,0,3;
 [s0_from_nd-A33-11Bm/]
s:1,0,1,0,0;1,0,1,0,0;0,0,0,0,0;0,0,0,0,0;5,0,1,0,4;23,20,0,0,0;
 [s1_from_nd-A33-11Bm/]
s:1,0,1,0,0;1,0,1,0,0;0,0,0,0,0;0,0,0,0,0;5,4,1,0,0;23,16,0,0,4;
 [s2_from_nd-A33-11Bm/]
s:1,0,1,0,0;1,0,1,0,0;0,0,0,0,0;0,0,0,0,0;5,4,1,0,0;23,4,0,0,16;
 [i0_from_nd-A33-11Bm/]
i:1,0,0,0,1;1,0,1,0,0;0,0,0,0,0;0,0,0,0,0;5,4,1,0,0;23,20,0,0,0;
 [i1_from_nd-A33-11Bm/]
i:1,0,1,0,0;1,0,0,0,1;0,0,0,0,0;0,0,0,0,0;5,4,1,0,0;23,20,0,0,0;
 [i2_from_nd-A33-11Bm/]
i:1,0,1,0,0;1,0,1,0,0;0,0,0,0,0;0,0,0,0,0;5,4,0,0,1;23,20,0,0,0;
 [nd-A33-12/]
f:15,4,8,0,3;1,0,1,0,0;0,0,0,0,0;0,0,0,0,0;1,0,1,0,0;5,4,1,0,0;
 [s0_from_nd-A33-12/]
s:15,0,8,0,4;1,0,1,0,0;0,0,0,0,0;0,0,0,0,0;1,0,1,0,0;5,4,1,0,0;
 [s1_from_nd-A33-12/]
s:15,4,8,0,0;1,0,1,0,0;0,0,0,0,0;0,0,0,0,0;1,0,1,0,0;5,0,1,0,4;
 [i0_from_nd-A33-12/]
i:15,4,0,0,8;1,0,1,0,0;0,0,0,0,0;0,0,0,0,0;1,0,1,0,0;5,4,1,0,0;
 [i1_from_nd-A33-12/]
i:15,4,8,0,0;1,0,0,0,1;0,0,0,0,0;0,0,0,0,0;1,0,1,0,0;5,4,1,0,0;
 [i2_from_nd-A33-12/]
i:15,4,8,0,0;1,0,1,0,0;0,0,0,0,0;0,0,0,0,0;1,0,0,0,1;5,4,1,0,0;
 [i3_from_nd-A33-12/]
i:15,4,8,0,0;1,0,1,0,0;0,0,0,0,0;0,0,0,0,0;1,0,1,0,0;5,4,0,0,1;
 [nd-A33-12m/]
f:1,0,1,0,0;1,0,1,0,0;0,0,0,0,0;0,0,0,0,0;5,4,1,0,0;15,4,8,0,3;
 [s0_from_nd-A33-12m/]
s:1,0,1,0,0;1,0,1,0,0;0,0,0,0,0;0,0,0,0,0;5,0,1,0,4;15,4,8,0,0;
 [s1_from_nd-A33-12m/]
s:1,0,1,0,0;1,0,1,0,0;0,0,0,0,0;0,0,0,0,0;5,4,1,0,0;15,0,8,0,4;
 [i0_from_nd-A33-12m/]
i:1,0,0,0,1;1,0,1,0,0;0,0,0,0,0;0,0,0,0,0;5,4,1,0,0;15,4,8,0,0;
 [i1_from_nd-A33-12m/]
i:1,0,1,0,0;1,0,0,0,1;0,0,0,0,0;0,0,0,0,0;5,4,1,0,0;15,4,8,0,0;
 [i2_from_nd-A33-12m/]
i:1,0,1,0,0;1,0,1,0,0;0,0,0,0,0;0,0,0,0,0;5,4,0,0,1;15,4,8,0,0;
 [i3_from_nd-A33-12m/]
i:1,0,1,0,0;1,0,1,0,0;0,0,0,0,0;0,0,0,0,0;5,4,1,0,0;15,4,0,0,8;
 [nd-A33-21/]
f:23,20,0,0,3;1,0,1,0,0;0,0,0,0,0;1,1,0,0,0;0,0,0,0,0;5,4,1,0,0;
 [s0_from_nd-A33-21/]
s:23,16,0,0,4;1,0,1,0,0;0,0,0,0,0;1,1,0,0,0;0,0,0,0,0;5,4,1,0,0;
 [s1_from_nd-A33-21/]
s:23,4,0,0,16;1,0,1,0,0;0,0,0,0,0;1,1,0,0,0;0,0,0,0,0;5,4,1,0,0;
 [s2_from_nd-A33-21/]
s:23,20,0,0,0;1,0,1,0,0;0,0,0,0,0;1,0,0,0,1;0,0,0,0,0;5,4,1,0,0;
 [s3_from_nd-A33-21/]
s:23,20,0,0,0;1,0,1,0,0;0,0,0,0,0;1,1,0,0,0;0,0,0,0,0;5,0,1,0,4;
 [i0_from_nd-A33-21/]
i:23,20,0,0,0;1,0,0,0,1;0,0,0,0,0;1,1,0,0,0;0,0,0,0,0;5,4,1,0,0;
 [i1_from_nd-A33-21/]
i:23,20,0,0,0;1,0,1,0,0;0,0,0,0,0;1,1,0,0,0;0,0,0,0,0;5,4,0,0,1;
 [nd-A33-21m/]
f:1,0,1,0,0;0,0,0,0,0;1,1,0,0,0;0,0,0,0,0;37,36,1,0,0;7,4,0,0,3;
 [s0_from_nd-A33-21m/]
s:1,0,1,0,0;0,0,0,0,0;1,0,0,0,1;0,0,0,0,0;37,36,1,0,0;7,4,0,0,0;
 [s1_from_nd-A33-21m/]
s:1,0,1,0,0;0,0,0,0,0;1,1,0,0,0;0,0,0,0,0;37,32,1,0,4;7,4,0,0,0;
 [s2_from_nd-A33-21m/]
s:1,0,1,0,0;0,0,0,0,0;1,1,0,0,0;0,0,0,0,0;37,4,1,0,32;7,4,0,0,0;
 [s3_from_nd-A33-21m/]
s:1,0,1,0,0;0,0,0,0,0;1,1,0,0,0;0,0,0,0,0;37,36,1,0,0;7,0,0,0,4;
 [i0_from_nd-A33-21m/]
i:1,0,0,0,1;0,0,0,0,0;1,1,0,0,0;0,0,0,0,0;37,36,1,0,0;7,4,0,0,0;
 [i1_from_nd-A33-21m/]
i:1,0,1,0,0;0,0,0,0,0;1,1,0,0,0;0,0,0,0,0;37,36,0,0,1;7,4,0,0,0;
 [nd-A33-22/]
f:15,4,8,0,3;1,0,1,0,0;0,0,0,0,0;1,1,0,0,0;0,0,0,0,0;5,4,1,0,0;
 [s0_from_nd-A33-22/]
s:15,0,8,0,4;1,0,1,0,0;0,0,0,0,0;1,1,0,0,0;0,0,0,0,0;5,4,1,0,0;
 [s1_from_nd-A33-22/]
s:15,4,8,0,0;1,0,1,0,0;0,0,0,0,0;1,0,0,0,1;0,0,0,0,0;5,4,1,0,0;
 [s2_from_nd-A33-22/]
s:15,4,8,0,0;1,0,1,0,0;0,0,0,0,0;1,1,0,0,0;0,0,0,0,0;5,0,1,0,4;
 [i0_from_nd-A33-22/]
i:15,4,0,0,8;1,0,1,0,0;0,0,0,0,0;1,1,0,0,0;0,0,0,0,0;5,4,1,0,0;
 [i1_from_nd-A33-22/]
i:15,4,8,0,0;1,0,0,0,1;0,0,0,0,0;1,1,0,0,0;0,0,0,0,0;5,4,1,0,0;
 [i2_from_nd-A33-22/]
i:15,4,8,0,0;1,0,1,0,0;0,0,0,0,0;1,1,0,0,0;0,0,0,0,0;5,4,0,0,1;
 [rev-11/]
r:3,2,0,0,0;1,0,0,0,1;0,0,0,0,0;0,0,0,0,0;1,1,0,0,0;5,5,0,0,0;
 [rev-11m/]
r:1,1,0,0,0;1,1,0,0,0;0,0,0,0,0;0,0,0,0,0;1,0,0,0,1;7,6,0,0,0;
 [rev-12/]
r:5,0,4,0,0;1,0,0,0,1;0,0,0,0,0;0,0,0,0,0;1,1,0,0,0;5,5,0,0,0;
 [rev-12m/]
r:1,1,0,0,0;1,1,0,0,0;0,0,0,0,0;0,0,0,0,0;5,0,4,0,1;5,4,0,0,0;
 [rev-13/]
r:7,0,6,0,0;1,0,0,0,1;0,0,0,0,0;0,0,0,0,0;1,1,0,0,0;1,1,0,0,0;
 [rev-13m/]
r:1,1,0,0,0;1,1,0,0,0;0,0,0,0,0;0,0,0,0,0;5,0,4,0,1;3,0,2,0,0;
 [rev-21/]
r:3,2,0,0,0;1,0,0,0,1;0,0,0,0,0;1,0,1,0,0;0,0,0,0,0;5,5,0,0,0;
 [rev-21m/]
r:1,1,0,0,0;0,0,0,0,0;1,0,1,0,0;0,0,0,0,0;1,0,0,0,1;7,6,0,0,0;
 [rev-22/]
r:5,0,4,0,0;1,0,0,0,1;0,0,0,0,0;1,0,1,0,0;0,0,0,0,0;5,5,0,0,0;
 [rev-22m/]
r:1,1,0,0,0;0,0,0,0,0;1,0,1,0,0;0,0,0,0,0;5,0,4,0,1;5,4,0,0,0;
 [rev-23/]
r:7,0,6,0,0;1,0,0,0,1;0,0,0,0,0;1,0,1,0,0;0,0,0,0,0;1,1,0,0,0;
 [rev-23m/]
r:1,1,0,0,0;0,0,0,0,0;1,0,1,0,0;0,0,0,0,0;5,0,4,0,1;3,0,2,0,0;
 [rev-31/]
r:3,2,0,0,0;1,0,0,0,1;1,1,0,0,0;0,0,0,0,0;0,0,0,0,0;5,5,0,0,0;
 [rev-31m/]
r:1,1,0,0,0;0,0,0,0,0;0,0,0,0,0;1,1,0,0,0;1,0,0,0,1;7,6,0,0,0;
 [rev-32/]
r:5,0,4,0,0;1,0,0,0,1;1,1,0,0,0;0,0,0,0,0;0,0,0,0,0;5,5,0,0,0;
 [rev-32m/]
r:1,1,0,0,0;0,0,0,0,0;0,0,0,0,0;1,1,0,0,0;5,0,4,0,1;5,4,0,0,0;
 [rev-33/]
r:7,0,6,0,0;1,0,0,0,1;1,1,0,0,0;0,0,0,0,0;0,0,0,0,0;1,1,0,0,0;
 [rev-33m/]
r:1,1,0,0,0;0,0,0,0,0;0,0,0,0,0;1,1,0,0,0;5,0,4,0,1;3,0,2,0,0;
 [rev-41/]
r:3,2,0,0,0;1,0,0,0,1;1,1,0,0,0;0,0,0,0,0;1,0,1,0,0;4,4,0,0,0;
 [rev-41m/]
r:0,0,0,0,0;1,0,1,0,0;0,0,0,0,0;1,1,0,0,0;1,0,0,0,1;7,6,0,0,0;
 [rev-42/]
r:5,0,4,0,0;1,0,0,0,1;1,1,0,0,0;0,0,0,0,0;1,0,1,0,0;4,4,0,0,0;
 [rev-42m/]
r:0,0,0,0,0;1,0,1,0,0;0,0,0,0,0;1,1,0,0,0;5,0,4,0,1;5,4,0,0,0;
 [rev-43/]
r:7,0,6,0,0;1,0,0,0,1;1,1,0,0,0;0,0,0,0,0;1,0,1,0,0;0,0,0,0,0;
 [rev-43m/]
r:0,0,0,0,0;1,0,1,0,0;0,0,0,0,0;1,1,0,0,0;5,0,4,0,1;3,0,2,0,0;
 [rev-51/]
r:3,2,0,0,0;1,0,0,0,1;1,1,0,0,0;1,1,0,0,0;0,0,0,0,0;4,4,0,0,0;
 [rev-51m/]
r:0,0,0,0,0;0,0,0,0,0;1,1,0,0,0;1,1,0,0,0;1,0,0,0,1;7,6,0,0,0;
 [rev-52/]
r:5,0,4,0,0;1,0,0,0,1;1,1,0,0,0;1,1,0,0,0;0,0,0,0,0;4,4,0,0,0;
 [rev-52m/]
r:0,0,0,0,0;0,0,0,0,0;1,1,0,0,0;1,1,0,0,0;5,0,4,0,1;5,4,0,0,0;
 [rev-53/]
r:7,0,6,0,0;1,0,0,0,1;1,1,0,0,0;1,1,0,0,0;0,0,0,0,0;0,0,0,0,0;
 [rev-53m/]
r:0,0,0,0,0;0,0,0,0,0;1,1,0,0,0;1,1,0,0,0;5,0,4,0,1;3,0,2,0,0;
 [rev-61/]
r:3,2,0,0,0;1,0,0,0,1;0,0,0,0,0;1,0,1,0,0;1,0,1,0,0;4,4,0,0,0;
 [rev-61m/]
r:0,0,0,0,0;1,0,1,0,0;1,0,1,0,0;0,0,0,0,0;1,0,0,0,1;7,6,0,0,0;
 [rev-62/]
r:5,0,4,0,0;1,0,0,0,1;0,0,0,0,0;1,0,1,0,0;1,0,1,0,0;4,4,0,0,0;
 [rev-62m/]
r:0,0,0,0,0;1,0,1,0,0;1,0,1,0,0;0,0,0,0,0;5,0,4,0,1;5,4,0,0,0;
 [rev-63/]
r:7,0,6,0,0;1,0,0,0,1;0,0,0,0,0;1,0,1,0,0;1,0,1,0,0;0,0,0,0,0;
 [rev-63m/]
r:0,0,0,0,0;1,0,1,0,0;1,0,1,0,0;0,0,0,0,0;5,0,4,0,1;3,0,2,0,0;
 [trev-11/]
t:7,2,0,0,0;1,0,0,0,1;0,0,0,0,0;0,0,0,0,0;1,1,0,0,0;5,5,0,0,0;
 [trev-11m/]
t:1,1,0,0,0;1,1,0,0,0;0,0,0,0,0;0,0,0,0,0;5,0,0,0,1;7,6,0,0,0;
 [trev-21/]
t:7,2,0,0,0;1,0,0,0,1;0,0,0,0,0;1,0,1,0,0;0,0,0,0,0;5,5,0,0,0;
 [trev-21m/]
t:1,1,0,0,0;0,0,0,0,0;1,0,1,0,0;0,0,0,0,0;5,0,0,0,1;7,6,0,0,0;
 [trev-31/]
t:7,2,0,0,0;1,0,0,0,1;1,1,0,0,0;0,0,0,0,0;0,0,0,0,0;5,5,0,0,0;
 [trev-31m/]
t:1,1,0,0,0;0,0,0,0,0;0,0,0,0,0;1,1,0,0,0;5,0,0,0,1;7,6,0,0,0;
 [trev-41/]
t:7,2,0,0,0;1,0,0,0,1;1,1,0,0,0;0,0,0,0,0;1,0,1,0,0;4,4,0,0,0;
 [trev-41m/]
t:0,0,0,0,0;1,0,1,0,0;0,0,0,0,0;1,1,0,0,0;5,0,0,0,1;7,6,0,0,0;
 [trev-51/]
t:7,2,0,0,0;1,0,0,0,1;1,1,0,0,0;1,1,0,0,0;0,0,0,0,0;4,4,0,0,0;
 [trev-51m/]
t:0,0,0,0,0;0,0,0,0,0;1,1,0,0,0;1,1,0,0,0;5,0,0,0,1;7,6,0,0,0;
 [trev-61/]
t:7,2,0,0,0;1,0,0,0,1;0,0,0,0,0;1,0,1,0,0;1,0,1,0,0;4,4,0,0,0;
 [trev-61m/]
t:0,0,0,0,0;1,0,1,0,0;1,0,1,0,0;0,0,0,0,0;5,0,0,0,1;7,6,0,0,0;
 [it-211-31-A/]
i:1,0,1,0,0;5,0,4,1,0;39,32,2,0,0;1,0,0,0,1;0,0,0,0,0;0,0,0,0,0;
 [it-211-31-Am/]
i:0,0,0,0,0;0,0,0,0,0;21,16,0,0,1;7,0,6,0,0;1,0,0,1,0;1,0,1,0,0;
 [it-211-31-B/]
i:1,0,1,0,0;5,0,0,1,4;39,32,2,0,0;1,0,1,0,0;0,0,0,0,0;0,0,0,0,0;
 [it-211-31-Bm/]
i:0,0,0,0,0;0,0,0,0,0;21,16,1,0,0;7,0,2,0,4;1,0,0,1,0;1,0,1,0,0;
 [it-22-31-A/]
i:1,0,1,0,0;5,0,4,1,0;7,0,2,0,0;3,0,2,0,1;0,0,0,0,0;0,0,0,0,0;
 [it-22-31-Am/]
i:0,0,0,0,0;0,0,0,0,0;7,0,2,0,1;7,0,6,0,0;1,0,0,1,0;1,0,1,0,0;
 [it-22-31-B/]
i:1,0,1,0,0;5,0,0,1,4;7,0,2,0,0;3,0,3,0,0;0,0,0,0,0;0,0,0,0,0;
 [it-22-31-Bm/]
i:0,0,0,0,0;0,0,0,0,0;7,0,3,0,0;7,0,2,0,4;1,0,0,1,0;1,0,1,0,0;
 [it-31-31-A/]
i:1,0,1,0,0;5,0,4,1,0;23,0,18,0,0;1,0,0,0,1;0,0,0,0,0;0,0,0,0,0;
 [it-31-31-Am/]
i:0,0,0,0,0;0,0,0,0,0;37,0,32,0,1;7,0,6,0,0;1,0,0,1,0;1,0,1,0,0;
 [it-31-31-B/]
i:1,0,1,0,0;5,0,0,1,4;23,0,18,0,0;1,0,1,0,0;0,0,0,0,0;0,0,0,0,0;
 [it-31-31-Bm/]
i:0,0,0,0,0;0,0,0,0,0;37,0,33,0,0;7,0,2,0,4;1,0,0,1,0;1,0,1,0,0;
 [it-211-41-AA/]
i:0,0,0,0,0;7,0,6,1,0;39,32,2,0,0;1,0,0,0,1;0,0,0,0,0;1,1,0,0,0;
 [it-211-41-AAm/]
i:1,1,0,0,0;0,0,0,0,0;21,16,0,0,1;7,0,6,0,0;3,0,2,1,0;0,0,0,0,0;
 [it-211-41-BA/]
i:0,0,0,0,0;7,0,2,1,4;39,32,2,0,0;1,0,1,0,0;0,0,0,0,0;1,1,0,0,0;
 [it-211-41-BAm/]
i:1,1,0,0,0;0,0,0,0,0;21,16,1,0,0;7,0,2,0,4;3,0,2,1,0;0,0,0,0,0;
 [it-211-41-AB/]
i:4,4,0,0,0;5,0,4,1,0;39,32,2,0,0;1,0,0,0,1;1,0,1,0,0;0,0,0,0,0;
 [it-211-41-ABm/]
i:0,0,0,0,0;1,0,1,0,0;21,16,0,0,1;7,0,6,0,0;5,4,0,1,0;0,0,0,0,0;
 [it-211-41-BB/]
i:4,4,0,0,0;5,0,0,1,4;39,32,2,0,0;1,0,1,0,0;1,0,1,0,0;0,0,0,0,0;
 [it-211-41-BBm/]
i:0,0,0,0,0;1,0,1,0,0;21,16,1,0,0;7,0,2,0,4;5,4,0,1,0;0,0,0,0,0;
 [it-22-41-AA/]
i:0,0,0,0,0;7,0,6,1,0;7,0,2,0,0;3,0,2,0,1;0,0,0,0,0;1,1,0,0,0;
 [it-22-41-AAm/]
i:1,1,0,0,0;0,0,0,0,0;7,0,2,0,1;7,0,6,0,0;3,0,2,1,0;0,0,0,0,0;
 [it-22-41-BA/]
i:0,0,0,0,0;7,0,2,1,4;7,0,2,0,0;3,0,3,0,0;0,0,0,0,0;1,1,0,0,0;
 [it-22-41-BAm/]
i:1,1,0,0,0;0,0,0,0,0;7,0,3,0,0;7,0,2,0,4;3,0,2,1,0;0,0,0,0,0;
 [it-22-41-AB/]
i:4,4,0,0,0;5,0,4,1,0;7,0,2,0,0;3,0,2,0,1;1,0,1,0,0;0,0,0,0,0;
 [it-22-41-ABm/]
i:0,0,0,0,0;1,0,1,0,0;7,0,2,0,1;7,0,6,0,0;5,4,0,1,0;0,0,0,0,0;
 [it-22-41-BB/]
i:4,4,0,0,0;5,0,0,1,4;7,0,2,0,0;3,0,3,0,0;1,0,1,0,0;0,0,0,0,0;
 [it-22-41-BBm/]
i:0,0,0,0,0;1,0,1,0,0;7,0,3,0,0;7,0,2,0,4;5,4,0,1,0;0,0,0,0,0;
 [it-31-41-AA/]
i:0,0,0,0,0;7,0,6,1,0;23,0,18,0,0;1,0,0,0,1;0,0,0,0,0;1,1,0,0,0;
 [it-31-41-AAm/]
i:1,1,0,0,0;0,0,0,0,0;37,0,32,0,1;7,0,6,0,0;3,0,2,1,0;0,0,0,0,0;
 [it-31-41-BA/]
i:0,0,0,0,0;7,0,2,1,4;23,0,18,0,0;1,0,1,0,0;0,0,0,0,0;1,1,0,0,0;
 [it-31-41-BAm/]
i:1,1,0,0,0;0,0,0,0,0;37,0,33,0,0;7,0,2,0,4;3,0,2,1,0;0,0,0,0,0;
 [it-31-41-AB/]
i:4,4,0,0,0;5,0,4,1,0;23,0,18,0,0;1,0,0,0,1;1,0,1,0,0;0,0,0,0,0;
 [it-31-41-ABm/]
i:0,0,0,0,0;1,0,1,0,0;37,0,32,0,1;7,0,6,0,0;5,4,0,1,0;0,0,0,0,0;
 [it-31-41-BB/]
i:4,4,0,0,0;5,0,0,1,4;23,0,18,0,0;1,0,1,0,0;1,0,1,0,0;0,0,0,0,0;
 [it-31-41-BBm/]
i:0,0,0,0,0;1,0,1,0,0;37,0,33,0,0;7,0,2,0,4;5,4,0,1,0;0,0,0,0,0;
 [it-211-5-A/]
i:0,0,0,0,0;7,0,6,0,0;39,32,2,0,0;1,0,0,0,1;1,0,1,0,0;0,0,0,0,0;
 [it-211-5-Am/]
i:0,0,0,0,0;1,0,1,0,0;21,16,0,0,1;7,0,6,0,0;3,0,2,0,0;0,0,0,0,0;
 [it-211-5-B/]
i:0,0,0,0,0;7,0,2,1,4;39,32,2,0,0;1,0,1,0,0;1,0,1,0,0;0,0,0,0,0;
 [it-211-5-Bm/]
i:0,0,0,0,0;1,0,1,0,0;21,16,1,0,0;7,0,2,0,4;3,0,2,1,0;0,0,0,0,0;
 [it-22-5-A/]
i:0,0,0,0,0;7,0,6,0,0;7,0,2,0,0;3,0,2,0,1;1,0,1,0,0;0,0,0,0,0;
 [it-22-5-Am/]
i:0,0,0,0,0;1,0,1,0,0;7,0,2,0,1;7,0,6,0,0;3,0,2,0,0;0,0,0,0,0;
 [it-22-5-B/]
i:0,0,0,0,0;7,0,2,1,4;7,0,2,0,0;3,0,3,0,0;1,0,1,0,0;0,0,0,0,0;
 [it-22-5-Bm/]
i:0,0,0,0,0;1,0,1,0,0;7,0,3,0,0;7,0,2,0,4;3,0,2,1,0;0,0,0,0,0;
 [it-31-5-A/]
i:0,0,0,0,0;7,0,6,0,0;23,18,0,0,0;1,0,0,0,1;1,0,1,0,0;0,0,0,0,0;
 [it-31-5-Am/]
i:0,0,0,0,0;1,0,1,0,0;37,32,0,0,1;7,2,4,0,0;3,0,2,0,0;0,0,0,0,0;
 [it-31-5-B/]
i:0,0,0,0,0;7,0,2,1,4;23,18,0,0,0;1,0,1,0,0;1,0,1,0,0;0,0,0,0,0;
 [it-31-5-Bm/]
i:0,0,0,0,0;1,0,1,0,0;37,32,1,0,0;7,2,0,0,4;3,0,2,1,0;0,0,0,0,0;
 [it-special/]
i:7,0,6,0,0;5,0,5,0,0;23,18,0,0,0;1,0,0,0,1;0,0,0,0,0;0,0,0,0,0;
 [it-specialm/]
i:0,0,0,0,0;0,0,0,0,0;37,32,0,0,1;7,2,4,0,0;5,0,5,0,0;3,0,2,0,0;
 [s-rev-mill-011A/]
s:1,1,0,0,0;5,4,0,1,0;1,1,0,0,0;1,0,0,0,1;1,1,0,0,0;5,4,0,1,0;
 [s-rev-mill-011Am/]
s:1,0,0,1,0;1,1,0,0,0;1,0,0,0,1;5,5,0,0,0;1,0,0,1,0;5,5,0,0,0;
 [s-rev-mill-011B/]
s:5,5,0,0,0;1,0,0,1,0;1,1,0,0,0;1,0,0,0,1;1,1,0,0,0;5,4,0,1,0;
 [s-rev-mill-011C/]
s:1,1,0,0,0;5,4,0,1,0;1,1,0,0,0;1,0,0,0,1;5,5,0,0,0;1,0,0,1,0;
 [s-rev-mill-012A/]
s:1,1,0,0,0;3,0,2,1,0;1,1,0,0,0;1,0,0,0,1;1,1,0,0,0;5,4,0,1,0;
 [s-rev-mill-012Am/]
s:1,0,0,1,0;1,1,0,0,0;1,0,0,0,1;1,1,0,0,0;3,0,2,1,0;5,5,0,0,0;
 [s-rev-mill-012B/]
s:1,1,0,0,0;3,0,2,1,0;1,1,0,0,0;1,0,0,0,1;5,5,0,0,0;1,0,0,1,0;
 [s-rev-mill-012Bm/]
s:5,4,0,1,0;1,1,0,0,0;1,0,0,0,1;1,1,0,0,0;3,0,2,1,0;1,1,0,0,0;
 [s-rev-mill-022A/]
s:1,1,0,0,0;3,0,2,1,0;1,1,0,0,0;1,0,0,0,1;1,1,0,0,0;3,0,2,1,0;
 [acute-pinf/]
f:55,48,0,3,4;15,8,4,0,2;1,0,0,0,0;5,0,4,0,0;1,0,1,0,0;37,0,37,0,0;
 [acute-pinfm/]
f:1,0,1,0,0;5,0,5,0,0;1,0,0,0,0;5,0,4,0,0;63,56,0,0,6;23,0,20,3,0;
 [acute-inf1/]
i:55,48,0,7,0;15,8,0,2,4;1,0,0,0,0;5,0,4,0,0;1,0,1,0,0;37,0,37,0,0;
 [acute-inf1m/]
i:1,0,1,0,0;5,0,5,0,0;1,0,0,0,0;5,0,0,0,4;63,56,0,6,0;23,0,20,3,0;
 [acute-inf2/]
i:55,48,0,7,0;1,0,0,1,0;1,0,0,0,1;5,0,4,1,0;1,0,1,0,0;37,0,37,0,0;
 [acute-inf2m/]
i:1,0,1,0,0;5,0,5,0,0;1,0,0,1,0;1,0,0,0,1;53,48,0,5,0;23,0,20,3,0;
