              W W
             W * W                         [36/0]

d:1,0,1,0,0;1,0,1,0,0;1,0,1,0,0;1,0,1,0,0;0,0,0,0,0;0,0,0,0,0;

              B B
             B * B                         [41/0]

d:1,1,0,0,0;1,1,0,0,0;1,1,0,0,0;1,1,0,0,0;0,0,0,0,0;0,0,0,0,0;

              W
             W * B
              W                            [181/0]

d:1,1,0,0,0;0,0,0,0,0;1,0,1,0,0;1,0,1,0,0;1,0,1,0,0;0,0,0,0,0;

              B
             B * W
              B                            [187/0]

d:1,0,1,0,0;0,0,0,0,0;1,1,0,0,0;1,1,0,0,0;1,1,0,0,0;0,0,0,0,0;

              W
             W * B
                B                          [293/0]

d:1,1,0,0,0;0,0,0,0,0;1,0,1,0,0;1,0,1,0,0;0,0,0,0,0;1,1,0,0,0;

               W
              ^ *
             W W W                         [91/0]

             W W W
              ^ *
               W                           [91m/0]

c:0,0,0,0,0;0,0,0,0,0;1,0,1,0,0;5,0,4,0,1;1,0,1,0,0;1,0,1,0,0;

              W * W
             W ^ W                         [131/0]

             W ^ W
              W * W                        [131m/0]

c:1,0,1,0,0;0,0,0,0,0;0,0,0,0,0;5,0,5,0,0;1,0,0,0,1;1,0,1,0,0;
               W
              ^ * B
             W W                           [257/0]

             W W
              ^ * B
               W                           [257m/0]

c:1,1,0,0,0;0,0,0,0,0;1,0,1,0,0;5,0,4,0,1;1,0,1,0,0;0,0,0,0,0;
               W
              W ^
             ^ * W
            W W ^ W                        [1111/0]

            W W ^ W
             ^ * W
              W ^
               W                           [1111m/0]

c:1,0,1,0,0;5,0,4,0,1;1,0,1,0,0;5,0,4,0,1;1,0,1,0,0;5,0,4,0,1;
               W
            B ^ * B
               W                           [1609/0]

c:1,1,0,0,0;0,0,0,0,0;1,0,1,0,0;3,2,0,0,1;1,0,1,0,0;0,0,0,0,0;

              . !
             . * .
              B B B                        [51/0]

              B B B
             . * .
              . !                          [51m/0]

!:1,0,0,0,0;1,0,0,1,0;1,0,0,0,0;1,0,0,0,0;1,1,0,0,0;5,5,0,0,0;

