              W W
             W * W                         [Puib01/0]

m:1,0,1,0,0;1,0,1,0,0;1,0,1,0,0;1,0,1,0,0;0,0,0,0,0;0,0,0,0,0;

              B B
             B * B                         [Puib02/0]

m:1,1,0,0,0;1,1,0,0,0;1,1,0,0,0;1,1,0,0,0;0,0,0,0,0;0,0,0,0,0;

              W
             W * B
              W                            [Puib03/0]

m:1,1,0,0,0;0,0,0,0,0;1,0,1,0,0;1,0,1,0,0;1,0,1,0,0;0,0,0,0,0;

              B
             B * W
              B                            [Puib04/0]

m:1,0,1,0,0;0,0,0,0,0;1,1,0,0,0;1,1,0,0,0;1,1,0,0,0;0,0,0,0,0;

              W
             W * B
                B                          [Puib05/0]

m:1,1,0,0,0;0,0,0,0,0;1,0,1,0,0;1,0,1,0,0;0,0,0,0,0;1,1,0,0,0;

              W W
             W * .                         [Puib06/0]

m:1,0,0,0,0;1,0,1,0,0;1,0,1,0,0;1,0,1,0,0;0,0,0,0,0;0,0,0,0,0;

              W .
             W * W                         [Puib07/0]

             W * W
              W .                          [Puib07m/0]

m:1,0,1,0,0;1,0,0,0,0;1,0,1,0,0;1,0,1,0,0;0,0,0,0,0;0,0,0,0,0;

              .
             W * B
              W                            [Puib08/0]

              W
             W * B
              .                            [Puib08m/0]

m:1,1,0,0,0;0,0,0,0,0;1,0,0,0,0;1,0,1,0,0;1,0,1,0,0;0,0,0,0,0;

              W
             . * B
              W                            [Puib09/0]

m:1,1,0,0,0;0,0,0,0,0;1,0,1,0,0;1,0,0,0,0;1,0,1,0,0;0,0,0,0,0;

              B
             B * .
              B                            [Puib10/0]

m:1,0,0,0,0;0,0,0,0,0;1,1,0,0,0;1,1,0,0,0;1,1,0,0,0;0,0,0,0,0;

              .
             W * B
                B                          [Puib11/0]

                B
             W * B
              .                            [Puib11m/0]

m:1,1,0,0,0;0,0,0,0,0;1,0,0,0,0;1,0,1,0,0;0,0,0,0,0;1,1,0,0,0;
